F 4.953761677051627 16.12791136345065 -0.4518609926531719
F 4.95376167684697 16.127911363521406 -0.4518609931958331
F 4.953761676643023 16.127911363591927 -0.4518609937365442
F 4.953761676439722 16.127911363662218 -0.4518609942750761
F 4.953761676237118 16.127911363732267 -0.45186099481170633
F 4.953761676035164 16.12791136380209 -0.45186099534614205
F 4.953761675833903 16.12791136387168 -0.45186099587871004
F 4.9537616756332845 16.12791136394104 -0.4518609964091225
F 4.953761675433359 16.127911364010163 -0.451860996937644
F 4.974148279299111 16.11798413848832 -0.45199308256568826
F 5.023348768462004 16.094096542735507 -0.45199311033133743
F 5.089414720340699 16.062020495199228 -0.4519932184513013
F 5.165367140642079 16.02514439661344 -0.45199329480565326
F 5.247114963082122 15.985454533170312 -0.4519932110296383
F 5.332260055072105 15.944115261890985 -0.45199298093806056
F 5.419396660929866 15.901809115840248 -0.4519927836011208
F 5.507700717475398 15.858936176809284 -0.4519927986912967
F 5.596689133615374 15.815730957561009 -0.45199302214502235
F 5.686078685484752 15.772330942659295 -0.45199325543347746
F 5.7757033350732705 15.728816755842182 -0.45199328542963474
F 5.865465795446404 15.685235667580468 -0.4519930838613627
F 5.955309081368359 15.641615374491522 -0.45199283630252646
F 6.0451997836940805 15.597972092845488 -0.45199277222346845
F 6.1351182919100395 15.554315309401778 -0.4519929534857427
F 6.225053075684631 15.510650589300411 -0.45199321675479814
F 6.314997350750449 15.466981225441883 -0.45199332337662634
F 6.404947170029079 15.423309166153135 -0.4519931789918675
F 6.4949002721706 15.37963554469685 -0.45199292041787414
F 6.584855339857413 15.335961007087379 -0.4519927898264759
F 6.674811577861124 15.292285911043908 -0.4519929121840489
F 6.764768488699662 15.248610460797252 -0.45199318037181574
F 6.854725748289464 15.204934801935657 -0.45199335356623227
F 6.9446831790564545 15.161259045356417 -0.45199327873363776
F 7.034640730517399 15.117583253787913 -0.45199303140310165
F 7.124598395466066 15.073907447472997 -0.4519928461414913
F 7.214556151611454 15.03023161725343 -0.4519929009608408
F 7.304513958040037 14.986555744448218 -0.4519931537596531
F 7.394471756236708 14.942879835866535 -0.4519933809539337
F 7.484429507252834 14.899203925814604 -0.4519933830743006
F 7.55460679884726 14.859108074997685 -0.4169751155701879
F 7.607181068131947 14.830462718734772 -0.3693125022457535
F 7.654241134368675 14.808724153769178 -0.3389918442062212
F 7.697544629769364 14.791008878178802 -0.3194478853243412
F 7.738376518465188 14.775877613988328 -0.3070077565544103
F 7.777566625835888 14.762418955744259 -0.2992843914678682
F 7.815647858971026 14.7500530447796 -0.2947362155687581
F 7.853147297335671 14.738275853982099 -0.2918703446801377
F 7.890437191202835 14.726763535428535 -0.28963862856877726
F 7.927611962901523 14.715422826552686 -0.287761770995634
F 7.964724267581847 14.704203636011371 -0.2860955249576923
F 8.001803176709522 14.693079039456958 -0.2845626083057299
F 8.038863906816879 14.682032082146723 -0.283115016968082
F 8.075917875310932 14.671052239364887 -0.28172311419864815
F 8.11297088628589 14.660134647108293 -0.28037541530213533
F 8.150032264690392 14.649272370119608 -0.27905068908589203
F 8.187105760145833 14.638461652137709 -0.27773700691810127
F 8.224189431580466 14.627702385914965 -0.2764353084637985
F 8.261280770055254 14.616995543092479 -0.2751510384747391
F 8.298376170320438 14.606342507776743 -0.2738921931653968
F 8.33547082026383 14.595745028243751 -0.2726693813723677
F 8.372558678591542 14.58520468290958 -0.27149434791163896
F 8.409629252574103 14.574721937359286 -0.27037699515963975
F 8.446678738087119 14.564295574931416 -0.26932044953814266
F 8.483719206673154 14.553922355157162 -0.2683211257608548
F 8.520753402465932 14.543597771129566 -0.2673696350459014
F 8.557784430962705 14.533317507203197 -0.26645588369884615
F 8.594816063386066 14.523077148294893 -0.2655675642691016
F 8.63185123250182 14.512873204745794 -0.264694173705806
F 8.668890952345667 14.502704170642094 -0.263831998783087
F 8.705936919256459 14.49256841255562 -0.2629760359013792
F 8.742992725205887 14.482463084151945 -0.26211568074365355
F 8.780069050781304 14.472380542169136 -0.2612196750760449
F 8.81717989492007 14.462309636278473 -0.2602385394057773
F 8.854337112627537 14.452250489939443 -0.2591573243464888
F 8.891557484716632 14.442204688853117 -0.25796778475236326
F 8.92885140353506 14.432163321517681 -0.2566163521564932
F 8.966217388197428 14.422133282896242 -0.25510400463922484
F 9.003617862043384 14.412146041810896 -0.2535361241866385
F 9.04103235228511 14.402217372595203 -0.25196857932678807
F 9.078446359818567 14.392356744605229 -0.25044045461444475
F 9.115849116064785 14.38256855089178 -0.24897611700440905
F 9.153233029006646 14.372851230492758 -0.24757954203133145
F 9.190597512505363 14.363198097806086 -0.24623372106761607
F 9.227961364520402 14.35360311616877 -0.2449219205333483
F 9.265335187847088 14.344058112092114 -0.24361573617203267
F 9.3027253561321 14.334558329898933 -0.2422960590794579
F 9.340140614176242 14.32510312220812 -0.24095732093120048
F 9.377593622460152 14.315688707331464 -0.23958156460860736
F 9.41509077424293 14.306307450106424 -0.2381310294460052
F 9.452636006982136 14.296957736671558 -0.23658673462121266
F 9.490231608946798 14.287644302864486 -0.23495523983102765
F 9.527871725448719 14.278373620505878 -0.23324639669057537
F 9.579089702655171 14.2662046566263 -0.23323953251499377
F 9.64937321937529 14.249507858451668 -0.23323957663110348
F 9.730832861732884 14.230156024348862 -0.23323968206927762
F 9.818843992740584 14.209247827887502 -0.2332397620661522
F 9.910695731908218 14.187427290100885 -0.2332397248042045
F 10.004798896864454 14.165071918495688 -0.23323957799135436
F 10.100221772839307 14.142403006903685 -0.23323943996828408
F 10.196418135285924 14.119550290789693 -0.23323943354825546
F 10.293067831817746 14.09658984690327 -0.23323956666849643
F 10.38998329764057 14.07356628502501 -0.23323971938127463
F 10.487054695510631 14.050505733407398 -0.23323975254397875
F 10.584217615864615 14.027423479103547 -0.23323963664368463
F 10.68143415196239 14.004328476818959 -0.23323948002818684
F 10.778681989893526 13.981225987031365 -0.23323942964743982
F 10.875948072658671 13.95811911825538 -0.2332395357625306
F 10.973224840712595 13.935009714399063 -0.2332397055043372
F 11.07050798768906 13.911898843782174 -0.23323978817933888
F 11.167795015109585 13.888787100555898 -0.2332397138326284
F 11.2650843267221 13.865674819518011 -0.23323955762273008
F 11.362374861783067 13.84256220415642 -0.23323947077757246
F 11.440258285341699 13.818345087821111 -0.19975095691528996
F 11.498276309484043 13.799420253505042 -0.15242573288566158
F 11.550330121027898 13.78660253924952 -0.12215431069542157
F 11.598464980548577 13.777585692615402 -0.1032551520426149
F 11.644037123626868 13.770959593899825 -0.09188092996540842
F 11.687935283406324 13.765828999651355 -0.08545427164105099
F 11.73073860071562 13.761619885830651 -0.08225533120119827
F 11.772841798764206 13.757949812634678 -0.08107872010813169
F 11.814655077421566 13.754511929745707 -0.08082769135253068
F 11.856434327733403 13.7511051415252 -0.08069558428013193
F 11.89821400378525 13.747703840376715 -0.08056327243223671
F 11.939993138106773 13.74430856991368 -0.08043393015336563
F 11.98177097336635 13.740919791409874 -0.08031012519130595
F 12.02354746811511 13.737537386924895 -0.08019222522418294
F 12.065323434176435 13.734160546744254 -0.08007759560376405
F 12.107099244748827 13.730788845502353 -0.07996476893366067
F 12.14887534008268 13.727421958056116 -0.07985231660080562
F 12.190652168966748 13.724059598428637 -0.07973881280982877
F 12.232430034568392 13.720701620246722 -0.07962328127922151
F 12.274209142347138 13.717347964434799 -0.0795050806843073
F 12.315989633291341 13.713998636110576 -0.0793837840693178
F 12.357771592249298 13.710653700074173 -0.07925918900006435
F 12.399555261574166 13.70731303101899 -0.07913022313723955
F 12.441339697037565 13.703977521953075 -0.07900014221656165
F 12.496284021753972 13.699626338566642 -0.07901229287762848
F 12.569743434613871 13.693810055626098 -0.07901222804975541
F 12.654056244178754 13.687134390934053 -0.07901220780170021
F 12.744731150826604 13.679954958424508 -0.07901223436040634
F 12.839135493235615 13.672480257648434 -0.07901227405499257
F 12.935726190201754 13.664832517967534 -0.07901227935495188
F 13.033598704134581 13.657083352998743 -0.07901223237639465
F 13.132222637707809 13.649274692288454 -0.07901216413950328
F 13.23128692027285 13.641431097258227 -0.0790121276287104
F 13.330609152855965 13.633567003053745 -0.07901214875435278
F 13.430082513226408 13.62569093051253 -0.07901220154358705
F 13.510906730615279 13.614157556656037 -0.04900829069041818
F 13.569316302587884 13.602926024063477 0.000708090028006568
F 13.621775075397952 13.59741150092147 0.03300091022784373
F 13.670343206031543 13.595510120773618 0.053224150313362785
F 13.71626520027275 13.595816314261096 0.0655032803532183
F 13.760415218341404 13.597478736357315 0.07255917806767916
F 13.816641472266115 13.601554392368225 0.07267514958660054
F 13.890872165365332 13.606958607395518 0.07267515327790887
F 13.975656858785156 13.613131152451018 0.07267516284328633
F 14.066628221777142 13.619754110360796 0.0726752025133137
F 14.161226317744799 13.626641168233592 0.07267525328108945
F 14.239982163059336 13.627741781070213 0.09963555726303297
F 14.297364178247616 13.62610867994512 0.1442808774727053
F 14.348468090053247 13.628913303162967 0.17199429280221842
F 14.408137003189532 13.639066989381524 0.17411918240600732
F 14.483860045524468 13.652386692604534 0.17411915840900105
F 14.56900316125163 13.66736334869518 0.17411916071913286
F 14.659668211282334 13.683311298935024 0.1741192294957011
F 14.753570251628044 13.69982867758319 0.17411933031837354
F 14.832364103646611 13.709550007716233 0.19866866171192052
F 14.889428987001045 13.714079395606186 0.24127512054069938
F 14.939545271964471 13.722053919201068 0.26760682714387446
F 14.985377910758263 13.732091808756776 0.28271292705897066
F 15.041052646517999 13.748219089103644 0.28328834259742874
F 15.113420511620955 13.769286667530457 0.28328832137435334
F 15.195573179182364 13.793202755152354 0.2832883415516554
F 15.283461645723943 13.818788631714966 0.28328843112329083
F 15.374712448406076 13.845353373742173 0.2832885354199508
F 15.451735722662908 13.863548499862437 0.3085758520771358
F 15.507727735353122 13.874690050579666 0.3496073229376732
F 15.55625234167663 13.888212788555386 0.3746526415722469
F 15.60033058508221 13.90321390206892 0.3885567520520483
F 15.641390224789532 13.919638374608672 0.3948468800773794
F 15.693506805646845 13.94139595361898 0.3949888612956639
F 15.762265951417055 13.970061581647483 0.39498890523821684
F 15.840766348944165 14.002788332368342 0.39498899227406736
F 15.924977062184594 14.03789571271307 0.39498909882797095
F 16.012535128522213 14.074398604693695 0.3949891578368993
F 16.10205541326428 14.111719544010054 0.3949891282784504
F 16.192725981114222 14.149520032609361 0.3949890464908633
F 16.28407082273077 14.187601622187616 0.3949889999338631
F 16.37581089959592 14.22584798451503 0.3949890465396074
F 16.45260325858186 14.252915230314713 0.42383231122246473
F 16.508029919336447 14.270942167719078 0.46587313618060605
F 16.55490353852673 14.290254782380277 0.4914460133170757
F 16.608073350279184 14.31869724236933 0.49318262845576216
F 16.675704584219893 14.355047855964738 0.4931825922215539
F 16.751798749910133 14.395947145700081 0.493182538312867
F 16.832853876411164 14.439512891551288 0.49318251670368946
F 16.9168171500569 14.484641759773144 0.49318255338371425
F 17.002485243854473 14.530686964417265 0.4931826183230821
F 17.08915270284141 14.577269292273012 0.4931826491760073
F 17.176405909329297 14.624166402056002 0.49318261021660653
F 17.264002432532877 14.671248004912226 0.4931825283729042
F 17.351800213665015 14.718437791845568 0.4931824704060484
F 17.43971600135142 14.765691052063897 0.4931824816074045
F 17.527701032180076 14.812981568238229 0.4931825435408965
F 17.615726688001885 14.8602939147315 0.49318259080130544
F 17.70377609282727 14.907618981503084 0.4931825711255124
F 17.791839351723226 14.954951450947119 0.49318249338801196
F 17.879910727719448 15.002288280100313 0.4931824196074254
F 17.967986884441526 15.049627719102482 0.49318240796437673
F 18.056065902516814 15.096968742132052 0.4931824591076566
F 18.14414665439818 15.144310706098377 0.4931825155863665
F 18.232228381302413 15.191653157697257 0.49318251472012803
F 18.320310599110343 15.238995824189258 0.4931824460391767
F 18.408393085174488 15.286338617758728 0.4931823609102374
F 18.49647574591936 15.333681535508852 0.4931823253932386
F 18.58455855654758 15.381024583108896 0.4931823593258179
F 18.672641523574352 15.428367736974714 0.49318241803331114
F 18.760724570532332 15.475710908202087 0.4931824334994586
F 18.84880757976495 15.523054008720667 0.4931823767373996
F 18.93689052797353 15.57039704663558 0.49318228433785183
F 19.024973452523668 15.617740089596488 0.49318222492916164
F 19.11305640022632 15.665083193403387 0.4931822359469797
F 19.20113943247089 15.712426376150288 0.493182289068768
F 19.289222532588 15.759769582519148 0.49318231634428106
F 19.3773055949995 15.80711272056772 0.49318227256394975
F 19.465388575604116 15.854455774399472 0.49318217663253244
F 19.55347151204707 15.901798808170124 0.4931820942536027
F 19.641554452017033 15.949141887293287 0.49318207745183196
F 19.72963746000788 15.996485044945969 0.4931821165183039
F 19.81772055177091 16.043828248371554 0.4931821489658369
F 19.90580363275136 16.09117140392598 0.49318211693680614
F 19.99388662928497 16.13851446641008 0.4931820201449625
F 20.08196956661486 16.185857486178353 0.4931819161157206
F 20.17005249379234 16.233200535274566 0.49318186727903257
F 20.25813547207252 16.280543658681914 0.49318188330670454
F 20.346218541806586 16.327886845309493 0.4931819121411556
F 20.434301630466692 16.375230009064413 0.49318188785001604
F 20.522384639809186 16.42257307856539 0.49318179096811204
F 20.610467573501406 16.46991608253381 0.4931816662446033
F 20.698550483191447 16.51725909659466 0.49318158149274205
F 20.786633426760098 16.564602176478445 0.49318156496984056
F 20.87471646006768 16.611945330522538 0.4931815791833155
F 20.962799539468442 16.659288487560655 0.4931815553371305
F 21.050882551817928 16.70663155666687 0.4931814563098909
F 21.138965471108314 16.753974538478673 0.49318131049248903
F 21.227048349112952 16.8013175070032 0.49318118562416396
F 21.315131243948002 16.84866052863121 0.4931811262480106
F 21.403214201028632 16.8960036993382 0.4931814240005911
F 21.491297228143758 16.94334685044076 0.49318139810506934
F 21.560055421300632 16.986020333216832 0.45933742026601426
F 21.6127437794026 17.01590022330712 0.4194952119447811
F 21.659323549613617 17.038803776218387 0.39794476924207806
F 21.7153308895698 17.06223958836351 0.3963177750250822
F 21.78639190214554 17.091975773714775 0.39631777000268725
F 21.866220444555033 17.12538081884259 0.396317784953657
F 21.93143669206164 17.157888409605675 0.3641898677628599
F 21.98377974358579 17.181904765321736 0.3292108260612136
F 22.031440176647184 17.200845932258197 0.30797039819495925
F 22.07597515398507 17.21662329694982 0.2956660423716685
F 22.118474270822976 17.230440034863708 0.2891562962423093
F 22.159592659608773 17.24302978302221 0.28653274156392483
F 22.19995404552697 17.25499937279152 0.28598793486964014
F 22.240162931214833 17.266834256353537 0.28590302340071533
F 22.29301930492999 17.282372730546083 0.28591915255146005
F 22.363704151427537 17.303152266230647 0.28591912330442837
F 22.4448397571558 17.327004035482986 0.28591906735392225
F 22.532101501659355 17.352656698578457 0.28591903659207585
F 22.622954336832898 17.379365033977017 0.28591906456609695
F 22.71591227240786 17.406692236371654 0.2859191235149389
F 22.810104272257124 17.434382265912298 0.28591914516667105
F 22.905019766697833 17.46228501089209 0.2859190872825602
F 23.000359385534836 17.490312419991817 0.28591897773812125
F 23.076652346046313 17.518521225000114 0.25149073256454035
F 23.133953307327907 17.539900228439762 0.20513214173229496
F 23.185406950125987 17.5549816374434 0.176178195984444
F 23.232990523936948 17.566245678597735 0.1583848808067319
F 23.278063552135627 17.575127186612946 0.1478900344878878
F 23.321509723319636 17.582533239547143 0.1421427589781241
F 23.377129646457966 17.590498404695513 0.14207562232902676
F 23.45069768141328 17.60102157711193 0.14207569062261188
F 23.534786495146744 17.61304966043274 0.142075717704626
F 23.625042563342195 17.625959880452548 0.14207566415284548
F 23.718913741258955 17.639387132111445 0.14207556629237225
F 23.81490393310658 17.653117425355532 0.14207551322023093
F 23.89282139358909 17.66968014227732 0.11049035652096881
F 23.950530418808107 17.68373698829611 0.06349758030061851
F 24.002519622559017 17.692199917248065 0.03307298747068531
F 24.050772659851177 17.697168865157533 0.013651934618291912
F 24.096596574228734 17.699922331638696 0.0015050689819146531
F 24.154044820410373 17.700029833852014 0.0010990125373475782
F 24.229101220506447 17.700112355975204 0.0010990295287577033
F 24.314479359666645 17.700206171940124 0.0010989545742791421
F 24.405907901207517 17.700306564784707 0.001098841310263004
F 24.500883042450894 17.700410829200628 0.0010987974966508455
F 24.59793729045803 17.70051743758843 0.0010988774310144909
F 24.69621054613598 17.700625486739213 0.0010990182247927226
F 24.795198502966958 17.700734373694853 0.0010990929790426229
F 24.894605352802586 17.700843673690713 0.0010990307087432464
F 24.994257573892675 17.700953137286692 0.0010988859888417756
F 25.094053439197353 17.701062690787733 0.0010987905939089677
F 25.19393352069529 17.70117236985195 0.0010988320174089082
F 25.293863203167973 17.701282207629248 0.0010989722872262
F 25.393822142961195 17.701392157434242 0.0010990825218722474
F 25.475600799326138 17.706402693879472 -0.02722116803763859
F 25.53431374717458 17.712991769736423 -0.07619673965622667
F 25.586652149905067 17.714234892713552 -0.10734440101412075
F 25.63481025180578 17.712263843144402 -0.1263495639388959
F 25.680187856438717 17.708390766275265 -0.1374667077640578
F 25.72373874923558 17.703387153489107 -0.1434592801963305
F 25.766095285589248 17.697720440756946 -0.14612054101814154
F 25.807730904743906 17.691697083295878 -0.14676191166434158
F 25.849193150324144 17.685585814041914 -0.14686985162215543
F 25.89065189408285 17.679469068294253 -0.14696813187519486
F 25.932110966193168 17.673348244585267 -0.14706700590798627
F 25.973572138288297 17.667223841973904 -0.14717102262947498
F 26.01503500119927 17.661095490814528 -0.14727936866253136
F 26.05649960225448 17.654963338875284 -0.14739363533002126
F 26.097965288935022 17.648827095400023 -0.14751295979765897
F 26.139431214115735 17.642686362888142 -0.1476354799412303
F 26.18089677236456 17.636540851090686 -0.1477597519648235
F 26.22236119029046 17.63039026585635 -0.14788376914928522
F 26.263823864052828 17.62423444671486 -0.14800612142763156
F 26.30528434027429 17.618073294511564 -0.14812564143834905
F 26.346742405124306 17.611906818964385 -0.1482419047304757
F 26.3881974701539 17.605735074898686 -0.1483542353815244
F 26.429649536046927 17.59955785351959 -0.1484602774310859
F 26.48415330006315 17.591407885947454 -0.14844832598820715
F 26.55702846335134 17.58050957713146 -0.1484482028299306
F 26.640672945730888 17.56800077525809 -0.14844805590462778
F 26.71299640449123 17.561400207419574 -0.1730919114215076
F 26.767429405314875 17.55799477035665 -0.21027941102787145
F 26.81632102027794 17.551272381788557 -0.23258271670494765
F 26.86163554650561 17.542683446752164 -0.2453553698882403
F 26.904658841343338 17.533041441691374 -0.2520634865465871
F 26.946221923391718 17.522813641235203 -0.25489914438415573
F 26.986923031978105 17.51229013831456 -0.2554222874188628
F 27.040224843965103 17.498372644402806 -0.25540682318590896
F 27.111508199997548 17.479759924314983 -0.25540676207643814
F 27.176390622374697 17.4666106659512 -0.2775562095090441
F 27.227152176744802 17.456922371203436 -0.3065139305780484
F 27.273063635129727 17.445144486734907 -0.3229711556830795
F 27.31593540347721 17.43225735343489 -0.331642518156464
F 27.356892833475165 17.41868296826444 -0.3353872765379735
F 27.39680225160188 17.40460939645395 -0.33641389262689336
F 27.4490851570126 17.386324912840763 -0.3364148372535722
F 27.518794414911493 17.36194699099213 -0.33641485324925824
F 27.582388319958675 17.343781475554277 -0.36025100948319677
F 27.632202300020214 17.329818344163296 -0.38918734942271394
F 27.676880083914796 17.314197013491878 -0.4053090158977959
F 27.718089291037877 17.296951371254316 -0.412726575240468
F 27.757756241001008 17.27904028959316 -0.4162792034221971
F 27.797064989744005 17.261247283295297 -0.41902009267546975
F 27.836213518988064 17.243447255490047 -0.42144760835332623
F 27.88732879559631 17.22051687628293 -0.4215034352540218
F 27.955056295772078 17.190149407577326 -0.421503350979036
F 28.016926488885805 17.166713045419524 -0.44641226483831314
F 28.06536644710227 17.14839127706354 -0.4752493814568737
F 28.108203962660433 17.127909335857947 -0.4904093457286482
F 28.14791102451287 17.105770964761618 -0.49789355418463166
F 28.186798579970645 17.083921664211505 -0.5035669253849261
F 28.225261637207026 17.062134723456655 -0.508403362265043
F 28.263484702277765 17.04029326709458 -0.5128577632343351
F 28.312938273267125 17.01239602944005 -0.5130377068806208
F 28.377995525692416 16.975745752413665 -0.5130376996064124
F 28.437623261303195 16.946688905613595 -0.5386690135078586
F 28.483873611746848 16.92323540952298 -0.5664585241734971
F 28.524268682930504 16.896818056290964 -0.5801835613920205
F 28.56274438279817 16.870708190841444 -0.5895518280446503
F 28.60033129668566 16.844878052841807 -0.597104169021317
F 28.637409928669186 16.819083494328623 -0.6037627898567327
F 28.674165568110702 16.793205364655403 -0.609977572485273
F 28.710694136488595 16.767182088369637 -0.6159829048129435
F 28.74707049446555 16.740957426661247 -0.6219689294478564
F 28.783291656751953 16.714531912456753 -0.6279345379474729
F 28.81936379265511 16.68789690815427 -0.63391080184224
F 28.855149783486088 16.661030611503495 -0.6399666936288854
F 28.9011020860909 16.626738394195055 -0.6402614829929973
F 28.94741746850667 16.593972028252246 -0.6600999893148486
F 28.98639885481668 16.5627107106975 -0.6762877480429217
F 29.02327052219719 16.532496110261572 -0.6878713717627459
F 29.059010047134652 16.50268322755352 -0.6971955314013599
F 29.094063178031504 16.47297709497102 -0.7053315158717491
F 29.138200532666517 16.435287571925194 -0.705768180069538
F 29.18256180602868 16.39907912890492 -0.7262142245183655
F 29.22020217005835 16.365129707638268 -0.7438038086237077
F 29.25555706482756 16.33231728677622 -0.7565557483950343
F 29.28937160660542 16.299943012632486 -0.7669375781038087
F 29.32240035370321 16.26775252874979 -0.775886625662568
F 29.354916447595915 16.23556078985785 -0.7840657525263302
F 29.39591848975459 16.1945614375385 -0.7844952005955019
F 29.437269978687223 16.15512020481276 -0.8048190529818163
F 29.47230715510535 16.11854916517458 -0.8229640774861191
F 29.50499200839516 16.0831668692792 -0.8362434564248912
F 29.53637892612664 16.048385717593057 -0.8467510234392734
F 29.56694800881635 16.013849973750833 -0.8557305937194053
F 29.605040314223295 15.96987544806532 -0.8562207558535703
F 29.654508814048405 15.91285239597171 -0.8562206493355113
F 29.699503864925518 15.865062886367689 -0.882476817966952
F 29.734507456805787 15.823781478064582 -0.907760286434222
F 29.765557288987 15.78472930699512 -0.924875673832762
F 29.7944634734207 15.746848793961906 -0.9369289622966035
F 29.82207790718507 15.709505383592806 -0.9461158009544934
F 29.856120662286287 15.662166733170345 -0.9466499205618832
F 29.890650975179803 15.617405641891658 -0.9668804119113658
F 29.919682310380857 15.57678868211747 -0.9843259229244686
F 29.94643868550206 15.537700265897097 -0.9962929314749243
F 29.971801967510142 15.4993071023587 -1.0050324646582105
F 29.996334420501537 15.461212959722985 -1.0120377906318794
F 30.020350254924928 15.423311942358193 -1.0181565398761787
F 30.050430606560397 15.374487076631159 -1.0184251919987064
F 30.08978603068271 15.310637007011092 -1.018425115060993
F 30.126742571355084 15.256930283891492 -1.0446347513061645
F 30.154247105748304 15.211953875657153 -1.0669795650367007
F 30.178464685907585 15.169825945430457 -1.0809195662912237
F 30.20082809720925 15.12923445353898 -1.0902416097914769
F 30.222104806722868 15.089470720665766 -1.096991130159723
F 30.248275628711525 15.038389774157583 -1.0972734106754185
F 30.2756159631615 14.989639273779455 -1.1165670197826754
F 30.29785519526316 14.94661442095389 -1.1304390886959956
F 30.31809606577854 14.905383938311466 -1.1390755148276295
F 30.33722228405387 14.865099891328871 -1.1448920315100095
F 30.355704949853067 14.825306226085612 -1.1491873601431613
F 30.373795437388953 14.785758243523581 -1.1526568909718553
F 30.396681604211345 14.734252560072472 -1.1527323547890092
F 30.421425998802047 14.684427835902856 -1.1720656689822844
F 30.44118690662406 14.640798718504511 -1.1851330761104628
F 30.45887243576735 14.599211409645342 -1.1923821744603809
F 30.475524368796506 14.558591841543688 -1.1968275286629548
F 30.491599797875445 14.518486366069697 -1.1997578641749584
F 30.507347024285902 14.478655981890348 -1.201861054642295
F 30.522900727853767 14.438974006969033 -1.203511088419551
F 30.538327353017436 14.399357595949072 -1.2049341824208222
F 30.553668552165043 14.35977222502543 -1.2062497667321064
F 30.573491728373426 14.307828913213667 -1.2062563776111366
F 30.599864140193176 14.238717936543905 -1.2062562363573301
F 30.630076464683448 14.159544249427626 -1.2062561744963651
F 30.662539766310964 14.074471757063833 -1.2062562958434835
F 30.69430149648386 14.005573440655134 -1.239346161315273
F 30.717821542430816 13.951223846388952 -1.278415753745144
F 30.73580788505334 13.902150008419731 -1.302425468865486
F 30.75034944447149 13.856499158215964 -1.316628876830884
F 30.76274223402109 13.813088501648078 -1.3244198779320762
F 30.776565009102065 13.758121368453445 -1.3245619809981262
F 30.79356266085253 13.704190022006202 -1.3466211316069
F 30.807231321941202 13.656501155700408 -1.3654326415993738
F 30.81828607711472 13.611509711611887 -1.3764622263945108
F 30.82771347136755 13.568279989902818 -1.382402521221763
F 30.83615317824119 13.526205786219617 -1.3850241778943935
F 30.844024281029267 13.48483980505944 -1.3856444434057333
F 30.85417338651251 13.430661790455883 -1.3856314195999566
F 30.867740757955055 13.358229515338063 -1.3856314345464136
F 30.884441688125197 13.294564397281203 -1.4142863826466923
F 30.897551449679888 13.242361657153754 -1.444994511339093
F 30.906801747517378 13.194124458661816 -1.4642039988455953
F 30.913628163338924 13.148472164642456 -1.4758289270029612
F 30.918940474901483 13.104506853234883 -1.4824689445787003
F 30.923317294467722 13.061645935381385 -1.4858511606915294
F 30.928041211622983 13.006193193217127 -1.4858663902069034
F 30.93431884177463 12.932455935382613 -1.4858663609310718
F 30.944769025054818 12.867413221208077 -1.5140153982924915
F 30.95326944782238 12.814793078584128 -1.54642373126663
F 30.95805788160989 12.766141611016423 -1.5671586529755606
F 30.960500726573986 12.720050008124948 -1.5801485261007369
F 30.961458810917282 12.675632099495763 -1.5879854876764679
F 30.960498747179 12.619080060676925 -1.5881384127954903
F 30.959206176709607 12.544555736743437 -1.5881384416213797
F 30.962860720343865 12.478520134570203 -1.615188357282513
F 30.96604267514381 12.42574218024393 -1.6478515512793626
F 30.96571388325134 12.377177551532746 -1.6679514440763792
F 30.96328387763887 12.331454036259377 -1.679810757980292
F 30.959593939211235 12.287611807601596 -1.6862885974375317
F 30.953123325872266 12.23175651384603 -1.6863752585357656
F 30.944550073906896 12.15791031742525 -1.6863751066045756
F 30.934752417389493 12.073517666860225 -1.6863749335614007
F 30.930739348127826 12.00090615187754 -1.7120508264171586
F 30.929226606715304 11.946138823647916 -1.750108752041502
F 30.92412330562388 11.896830138123377 -1.7730936600029226
F 30.91697507272007 11.851109841894795 -1.786351474139476
F 30.908654956321644 11.807719705884379 -1.793346632093368
F 30.89623830484286 11.752801665291384 -1.7934463226534831
F 30.87981241209475 11.680250277874347 -1.7934463583841844
F 30.86104622715654 11.597362030624874 -1.7934462474098114
F 30.84860625030765 11.525282158964389 -1.8163466299212847
F 30.84102130301329 11.471405556145964 -1.852472086302572
F 30.830698609057766 11.423415811271001 -1.8739043238705864
F 30.818848508847907 11.379110780763963 -1.8858423415215977
F 30.806172300069303 11.337128355148879 -1.8918024489835639
F 30.788481343858926 11.283899364492552 -1.8918673721840005
F 30.765045217345953 11.21343147210308 -1.8918675388009205
F 30.74773518318435 11.149301097588836 -1.9154163976537826
F 30.734579518257455 11.099199389421484 -1.94458162377491
F 30.719684066430204 11.05421407950282 -1.960909155788435
F 30.70342478112397 11.01256914514371 -1.9688465326344258
F 30.686171289461132 10.972739496735459 -1.9721794934258736
F 30.66419529122032 10.921016504870956 -1.9722656301374766
F 30.63514980460409 10.852597925676298 -1.972265442104161
F 30.612929827815524 10.790187941523818 -1.9971123865545526
F 30.595617512879592 10.741353603399702 -2.026083521658748
F 30.576425695022724 10.69800101978416 -2.0416259147638742
F 30.5552958209321 10.65803221841947 -2.0487952377607423
F 30.534359823315615 10.618938463269325 -2.053969086088
F 30.513490502154127 10.580243234336377 -2.0583377310125037
F 30.48689015133673 10.530163637247252 -2.0585078054995143
F 30.4519191269169 10.464236855736882 -2.0585077988521414
F 30.412028210071348 10.389035192035923 -2.058507669402284
F 30.36925329431077 10.308396630413139 -2.05850745638925
F 30.33764337599414 10.239094404287206 -2.087380809396096
F 30.314943839996594 10.187653692200263 -2.125556345072027
F 30.28984892270818 10.144503318077714 -2.146043035037799
F 30.26333875990082 10.105282314668788 -2.1571229062382877
F 30.23736961163018 10.067343928386682 -2.1654248623461556
F 30.204809715637086 10.019380136775666 -2.1658876346425706
F 30.162556534265107 9.956963613090622 -2.1658876596729653
F 30.114590722927268 9.886108409339524 -2.1658876358633927
F 30.063276199131735 9.810306484278579 -2.1658875491872824
F 30.00999868751997 9.731604780737982 -2.1658874685604608
F 29.955570464476587 9.651203171847852 -2.165887481521813
F 29.90046764474286 9.569805014850992 -2.1658875995588165
F 29.84496935209405 9.487822703521948 -2.165887735819004
F 29.789239258811293 9.405498052683845 -2.165887782082681
F 29.733373316571026 9.322972770101838 -2.1658877105371754
F 29.677427767227062 9.240329862034796 -2.1658876016464497
F 29.621435557753184 9.157617949682376 -2.165887570881409
F 29.56541595098074 9.074865511576418 -2.1658876622208316
F 29.509380240980843 8.992089304753685 -2.165887807127708
F 29.45333510436305 8.909299247527297 -2.1658878873903413
F 29.39728447599222 8.826501139714349 -2.165887844003715
F 29.341230657523997 8.743698311610423 -2.165887731504197
F 29.2851749857443 8.66089267486136 -2.165887667886454
F 29.2291181957449 8.578085317508048 -2.1658877262689047
F 29.173060697547953 8.495276910576449 -2.1658878676618487
F 29.117002781455398 8.412467950755149 -2.1658879767928028
F 29.076060913588623 8.34312619626069 -2.1975918292561643
F 29.045945624908992 8.292823210283945 -2.2376659917130945
F 29.01352223834892 8.25199564876833 -2.2594359591277806
F 28.981946683214133 8.214464179887052 -2.273757345146256
F 28.95111818589014 8.178598692165615 -2.2845763969409068
F 28.912541242208867 8.13424652930345 -2.285253910210765
F 28.862847856536593 8.076950424752608 -2.2852538577495656
F 28.806605060196112 8.012102889019571 -2.285253772604205
F 28.746523018344398 7.942828746572687 -2.2852536811709547
F 28.68419045848237 7.87095980903555 -2.2852536356404602
F 28.620538663513802 7.7975698297197535 -2.285253659128293
F 28.572941870969256 7.7355858407275795 -2.3163400152096587
F 28.533948928467368 7.6914562532804585 -2.3516848277912756
F 28.496724369880297 7.653909636027217 -2.3736999819855673
F 28.461218272360966 7.619500548142392 -2.3889793069299143
F 28.426485693936144 7.587110814030879 -2.4008142365980945
F 28.38290280877219 7.547410242680591 -2.4015661404390514
F 28.32682129242958 7.496200043380222 -2.4015659548422077
F 28.26338922705565 7.438277774410132 -2.40156585087309
F 28.195648296007754 7.376420923213644 -2.401565942213934
F 28.125381499601897 7.312257619297551 -2.401566175535066
F 28.05363401627944 7.246742247279288 -2.401566341482119
F 27.981018542948384 7.180434270343536 -2.4015662678599705
F 27.907894264024137 7.1136616671825 -2.40156599622371
F 27.834471750312645 7.046616726631463 -2.4015657559142105
F 27.760874436359583 6.979412176946958 -2.401565754092462
F 27.687174648802873 6.912114070454803 -2.401565981365699
F 27.613414760393592 6.84476109330425 -2.4015662174803194
F 27.539619619506485 6.777375920212807 -2.4015662330526726
F 27.465803816500145 6.709971863395438 -2.401566001060111
F 27.391975924205905 6.642556755520783 -2.401565722358255
F 27.318140973721945 6.575135205961943 -2.401565641012293
F 27.244301890084287 6.507709897184617 -2.4015658197140355
F 27.170460356180055 6.440282363852409 -2.4015660821063594
F 27.096617358664645 6.372853493033473 -2.401566174752103
F 27.02277349929527 6.3054238205571735 -2.4015660000403445
F 26.9489291528974 6.2379936885395875 -2.4015657060442064
F 26.87508455081383 6.17056332179283 -2.4015655503018034
F 26.801239812860455 6.10313284372393 -2.4015656628917132
F 26.72739497457108 6.035702288915241 -2.401565926918293
F 26.653550046328125 5.96827165545412 -2.4015660859243746
F 26.579705054372518 5.900840951996332 -2.401565979500915
F 26.505860037940767 5.8334102095993705 -2.401565690824308
F 26.432015036010235 5.765979474507932 -2.4015654701648503
F 26.358170064603218 5.6985487767943495 -2.401565504603555
F 26.28432509952515 5.6311181005463435 -2.401565746060301
F 26.2104801058438 5.563687405768388 -2.401565955508211
F 26.13663507733054 5.496256671084815 -2.4015659225323445
F 26.062790035426804 5.428825907124648 -2.401565658766901
F 25.98894501190914 5.361395149693345 -2.4015653872330884
F 25.91510002693932 5.29396443287194 -2.4015653371007732
F 25.84125506352093 5.22653375095294 -2.4015655329333043
F 25.78565231105752 5.169477173078332 -2.4331194556365308
F 25.741212320435917 5.129634816833787 -2.4688541163433504
F 25.700311632418327 5.096110842661784 -2.4919089334001936
F 25.661418551108785 5.065958998147479 -2.5076191120467635
F 25.62363696291864 5.037655104961232 -2.519078582455831
F 25.575864902460257 5.0034607491783945 -2.5197730814168846
F 25.514228245219083 4.959288232240637 -2.5197728585228565
F 25.462782572194634 4.918661886239321 -2.5461905186991647
F 25.419293017732 4.887769729840163 -2.5709064582327374
F 25.37807543427848 4.860604053895215 -2.5862030448054716
F 25.338320789198896 4.835382166910848 -2.596837788721591
F 25.299343901539274 4.811306286069235 -2.6049085135838084
F 25.26076327061371 4.787951586510293 -2.611532858970354
F 25.21116435536302 4.758918582635994 -2.6118325879033004
F 25.14637663542634 4.720979214877485 -2.611832467811842
F 25.091613717990363 4.685115487646165 -2.6387959103549536
F 25.04627698173763 4.658620453847621 -2.6608832879670796
F 25.00392899203103 4.635468290665534 -2.67425790258064
F 24.963149795360014 4.614147329567853 -2.682977947288069
F 24.92319958333556 4.593873528323819 -2.689162094885966
F 24.871754209475935 4.56888242815056 -2.689397221990223
F 24.804367788372197 4.536148423235256 -2.6893974032691874
F 24.72764495961781 4.498879130660011 -2.6893976308009147
F 24.645449131547913 4.458951257206813 -2.689397688818846
F 24.560045042004617 4.417464912797738 -2.689397467398228
F 24.4923383352614 4.379006399088793 -2.722803224614866
F 24.439652879012677 4.351443860307064 -2.761598521449865
F 24.392400217211836 4.3301472198137025 -2.7834198322194132
F 24.34896325032681 4.3125921936017635 -2.794470615049593
F 24.294545613476444 4.292918005399679 -2.7948844851583634
F 24.223705612361965 4.267323338533869 -2.794884594126465
F 24.162840226267146 4.240865304526772 -2.823238022957879
F 24.112160049727105 4.2204735885761915 -2.852202793630935
F 24.06549096083227 4.20421729036049 -2.8696829540762567
F 24.021454223676436 4.190553562032188 -2.879627192233098
F 23.979141607489723 4.1784970571152575 -2.8846583646854023
F 23.937962013797645 4.167411100288228 -2.8865050382416277
F 23.89736881754381 4.156799552851529 -2.886702565038492
F 23.856837426648823 4.146238980337206 -2.886708763899854
F 23.816305957201383 4.1356786190720305 -2.886715026528012
F 23.77577445374843 4.125118492811876 -2.886721242006446
F 23.735242982101973 4.114558628668921 -2.886727301883887
F 23.694711613803626 4.103999055400798 -2.8867331028214696
F 23.65418036593362 4.093439776896684 -2.886738585021656
F 23.6136491622416 4.082880760422477 -2.8867438025661616
F 23.573117824090815 4.07232192016361 -2.8867489979336907
F 23.532586215506118 4.061763218682883 -2.886754280676388
F 23.492054344846043 4.0512046927651655 -2.8867597528874454
F 23.438743109556206 4.037316480799685 -2.8867441254559525
F 23.367448323880982 4.018743246187901 -2.8867440537740956
F 23.285611769901426 3.9974237390916088 -2.8867439981254615
F 23.2173468495237 3.974329195375418 -2.9181310515150822
F 23.163184011745457 3.9566232436914177 -2.954809667478653
F 23.113801273168747 3.943735430627985 -2.977775946455235
F 23.06754367863849 3.9338746362619927 -2.991685008491215
F 23.010182721042217 3.9252021007069784 -2.992227975316448
F 22.935635041065783 3.913983762100396 -2.992227891121564
F 22.851015938779124 3.9012498077762183 -2.9922277857501665
F 22.760492960580947 3.8876273942881516 -2.992227735967916
F 22.68599839443955 3.8710316231043826 -3.0236203429155823
F 22.629521972735375 3.8573290682812207 -3.0668078379630486
F 22.578365692943926 3.8488045895806184 -3.09463204819398
F 22.53067636245812 3.8435135225480073 -3.112238471110549
F 22.472083296679966 3.8417500889708345 -3.1131123391929925
F 22.396371671422916 3.839593212560379 -3.113112228277592
F 22.31062630682421 3.8371504804414336 -3.1131120221119732
F 22.218999186950704 3.834540165262948 -3.113111849533278
F 22.123924162426707 3.8318316106740182 -3.113111869737137
F 22.02682794468288 3.8290654844731487 -3.1131120882721506
F 21.947098219832423 3.821730299812681 3.141031908912236
F 21.88918002181297 3.8136591963748874 3.0930014725815025
F 21.837119942453235 3.811024160061934 3.062505950027579
F 21.789016518841876 3.811643309363082 3.0437620523210347
F 21.74356688175201 3.8142129017647077 3.0327012552892407
F 21.686723769781096 3.820405643649571 3.032386815497575
F 21.61226953990684 3.8285689603018724 3.032386978829682
F 21.5274909608328 3.8378642470877917 3.032386988558399
F 21.454669820321328 3.8414195980502566 3.0066662700802613
F 21.399834171171232 3.8425556418996116 2.968442203766755
F 21.350471687701635 3.8473409229971756 2.9453873433696556
F 21.30469047165099 3.854201659716882 2.93207749200244
F 21.26121436468706 3.8622483559273713 2.924981986433028
F 21.206188816118143 3.8743456838866495 2.924876451589679
F 21.133520870449317 3.890345278181318 2.9248766534850628
F 21.050510855806117 3.9086219133594406 2.9248769380308324
F 20.961438325705842 3.9282333367651745 2.924877092858151
F 20.868811953442194 3.9486272139064713 2.924876944775973
F 20.774102325056923 3.969479781705359 2.924876584612719
F 20.678171453444055 3.99060126050402 2.9248763235196846
F 20.58152468072781 4.01188037759223 2.9248764055946337
F 20.484458306169046 4.033251871071004 2.924876766074478
F 20.387145978453823 4.054677491089628 2.924877079869471
F 20.289689451105556 4.0761348408346505 2.924877059749683
F 20.192148396803994 4.097610806529309 2.9248767239650237
F 20.094557764608012 4.119097713285204 2.924876382099391
F 20.013354218210576 4.133049058483652 2.901283325713692
F 19.955321981979246 4.1401985684920914 2.8579144575437487
F 19.905176267364038 4.150289099142522 2.8304965198586682
F 19.859622452848495 4.162320271183121 2.8148751372838974
F 19.804600540943508 4.180915432848922 2.814260870407566
F 19.733163320465646 4.205171687736685 2.8142609271528185
F 19.65210397281342 4.232695102834122 2.8142607945751656
F 19.581517240177092 4.252417513886239 2.7890956485267795
F 19.528730356723663 4.265946666217603 2.753347635675114
F 19.48233568612978 4.281435766133707 2.732612590838649
F 19.43996755629244 4.298434723740418 2.7218947967034723
F 19.400019862526594 4.316849220604252 2.7172643426327574
F 19.360608616207113 4.335156987586841 2.713877868462104
F 19.321422278858336 4.353451035123019 2.710947232161525
F 19.270361668573347 4.376930524803104 2.7108645590882334
F 19.218212923614708 4.397376282523548 2.6907872937047626
F 19.174138605425345 4.416155522638442 2.673518102620166
F 19.133857240206865 4.437114404127741 2.665640790282336
F 19.094662874487398 4.45802719271636 2.6603016225641816
F 19.05590399009326 4.478850257143091 2.6558588261623233
F 19.017372651561963 4.499716815335618 2.651795492914641
F 18.96741364037917 4.526393574972541 2.6516404270780862
F 18.901602445498913 4.561492441895546 2.651640437162501
F 18.84135841985082 4.589191543150067 2.626380723031371
F 18.79447538363743 4.611203797880741 2.5982229115913285
F 18.75353417450202 4.6362109389678166 2.5844113798871846
F 18.71472620584497 4.66131082629499 2.5755633299115286
F 18.66576688515837 4.692556666555054 2.575050510763244
F 18.60211270209244 4.733047169968549 2.57505044606966
F 18.529883802677332 4.778992085239391 2.57505032568908
F 18.466457850575022 4.814051594977879 2.5466788742612136
F 18.41902429761843 4.841409053145585 2.513439480441292
F 18.37890276666491 4.871405407188563 2.496403278453126
F 18.341201180774775 4.9005723978165445 2.484793106589389
F 18.294600430883705 4.9366954386663995 2.4840215079970327
F 18.234483597174734 4.983118859060569 2.4840215319502787
F 18.179783123384382 5.02106531272275 2.4572158974355207
F 18.138059050363328 5.055202844260949 2.4316346014740544
F 18.100385930362695 5.088197570936285 2.4152633176064047
F 18.064744280271672 5.120207245407503 2.4032259421957045
F 18.02110312469027 5.16011065994201 2.4024300623563937
F 17.964899636851214 5.211343243121907 2.402430195877237
F 17.913991283735033 5.253829199986763 2.375611274591705
F 17.874786525948906 5.291734726779926 2.3502399944651624
F 17.83961582358196 5.32761279910515 2.3329212976134777
F 17.806625345442445 5.362416914345541 2.320102475018694
F 17.766388833734542 5.405862787030222 2.319251352393757
F 17.71460358012143 5.461622865078308 2.3192512058486416
F 17.66764700554225 5.508013236006384 2.293036714530078
F 17.631153998888962 5.5484394771324235 2.2675690588636006
F 17.59872401040366 5.586691883913999 2.2501969215764563
F 17.568482223792888 5.623742436161186 2.23753154412812
F 17.532001566888404 5.6702679585638265 2.2367044738826123
F 17.485020839287213 5.730069120741652 2.236704680277254
F 17.43191726189528 5.797663955281034 2.236704777266833
F 17.375224473053684 5.869827436910616 2.236704635201122
F 17.316427689520886 5.944669081726711 2.236704336568126
F 17.265519701879253 6.0022402236342005 2.205503982413429
F 17.22973985170411 6.047737404692385 2.172157270801668
F 17.19974171781103 6.090002615595875 2.1511647448680056
F 17.172684294099625 6.130416792508203 2.13743869218763
F 17.14085029464573 6.180643759885589 2.1364768496370763
F 17.09997646913272 6.245022985987545 2.1364770000277113
F 17.053836953912054 6.31769606928302 2.1364769977403966
F 17.004610732958064 6.3952309651683255 2.1364767999627756
F 16.960490587908282 6.456123025618481 2.1050860906384727
F 16.930228379187007 6.503958864010954 2.074452640097727
F 16.904914609735783 6.547604581933218 2.0566453610177664
F 16.87676305670475 6.601152511805504 2.0551537322670588
F 16.840960374193752 6.669197379432459 2.0551539229719413
F 16.80070458555108 6.745705611191074 2.055154094685571
F 16.757838458338046 6.827174993598195 2.0551541090717036
F 16.718364426250204 6.891876062932392 2.022599301232837
F 16.690600101099868 6.9424005578914 1.9883068069337462
F 16.668892244536963 6.987423775909754 1.970870441814594
F 16.650048951863084 7.029619133607225 1.9614613216065981
F 16.627994478014497 7.083217889534788 1.9610182582719793
F 16.59932204726305 7.152927051666407 1.9610183829444274
F 16.56677347066737 7.2320599260414475 1.9610185326786478
F 16.531952724131973 7.316716985092025 1.9610185891263003
F 16.495800128838386 7.404612227599017 1.9610184858779178
F 16.458866894049812 7.494405554636829 1.9610183007361397
F 16.423809667347 7.565602151122375 1.9267979838865716
F 16.398112383557233 7.620631930524651 1.8838583822563122
F 16.378689436426846 7.670268186088061 1.8578171362046243
F 16.361449194850138 7.728909789894436 1.8557736182833295
F 16.33974248712662 7.803006304226729 1.855773736119374
F 16.315384545065065 7.8861528989985334 1.8557737529836167
F 16.289472525350433 7.9746045797312 1.855773625459458
F 16.26264959432101 8.066165958905858 1.8557734524949625
F 16.2353360431681 8.139810947691869 1.8224712479980214
F 16.21465058738228 8.196072184316337 1.7789636176805215
F 16.199830643635842 8.246861329742652 1.751824362638718
F 16.188790944338507 8.30694448721739 1.7496635340297
F 16.175058005423452 8.38290097584615 1.749663645539791
F 16.15964557126391 8.468146631935365 1.7496636386156608
F 16.143248668829564 8.558837561865358 1.7496634759642389
F 16.126274746132246 8.652720396816585 1.7496632800167644
F 16.108962603367196 8.748474205633974 1.7496632329405892
F 16.09145214807704 8.845324744884453 1.7496633935600772
F 16.07382535400201 8.942818294934323 1.749663626472364
F 16.05613031671959 9.040688925577673 1.749663721777539
F 16.038395320001456 9.138780629961506 1.7496635915827266
F 16.020636990187292 9.237001830521526 1.7496633549975373
F 16.002865035415436 9.335298811899198 1.7496632302459978
F 15.985085063825476 9.433640147418194 1.7496633336597467
F 15.967300304632058 9.532007554435355 1.7496635718880176
F 15.949512671430986 9.630390402522126 1.749663727396742
F 15.931723373266095 9.728782375965404 1.7496636585823004
F 15.91393318637083 9.827179629340375 1.7496634300833807
F 15.89614254984796 9.925579847427322 1.7496632534382994
F 15.87835164383711 10.023981707650071 1.749663292658993
F 15.86056050169394 10.122384559080093 1.7496635133817615
F 15.842769138604302 10.220788140987338 1.749663714428559
F 15.824977638634227 10.319192263342753 1.7496637128272583
F 15.807186133854605 10.417596668837453 1.7496635120210724
F 15.789394710669535 10.516001116992033 1.7496632986796297
F 15.771603353870923 10.614405475051145 1.7496632711406181
F 15.753811973700184 10.712809766787721 1.7496634570598009
F 15.736020489387084 10.811214145951446 1.7496636879474445
F 15.718228910217727 10.909618717300441 1.7496637541308753
F 15.700437332448125 11.008023409085254 1.7496635975391395
F 15.68264584656035 11.106428063245968 1.7496633650505526
F 15.664854456319254 11.204832568659693 1.7496632735041837
F 15.647063080137661 11.303236935481902 1.749663410375116
F 15.629271621261978 11.401641312976027 1.7496636533083751
F 15.611480056741655 11.50004585280067 1.7496637826475678
F 15.593688463797001 11.598450539329852 1.749663683430434
F 15.575896944665843 11.696855227207537 1.749663451043972
F 15.558105530935627 11.795259785051494 1.7496633035529463
F 15.540314160141458 11.893664184037782 1.749663381277111
F 15.52252273023545 11.992068540642009 1.7496636177534983
F 15.50473119025472 12.090473027948178 1.7496638008540157
F 15.48693959273556 12.188877684921897 1.749663767883007
F 15.469148043882804 12.28728238860568 1.749663555139159
F 15.451356601588568 12.38568699217144 1.749663364544245
F 15.433565227327373 12.48409143097861 1.7496633780789044
F 15.415773821658677 12.582495780816863 1.7496635904726106
F 15.397982310457897 12.680900217926048 1.7496638140410823
F 15.380190717256603 12.779304833439497 1.749663851320549
F 15.362399143222943 12.87770953970118 1.749663676630492
F 15.344607668522412 12.976114182835444 1.7496634596702014
F 15.326816281634928 13.07451866746079 1.7496634095817525
F 15.309024893060137 13.172923026020998 1.7496635827094038
F 15.291233411996725 13.271327420617752 1.7496638307826666
F 15.273441831328768 13.369731985876646 1.74966393731098
F 15.255650238407224 13.468136680496418 1.749663816682154
F 15.23785872957145 13.56654135420121 1.7496635928620703
F 15.220067321551841 13.664945886508674 1.7496634854960715
F 15.202275941267754 13.763350267605915 1.7496636080559103
F 15.184484488751957 13.86175463102939 1.7496638635153876
F 15.16669292739612 13.96015914075135 1.749664033621619
F 15.148901323123619 14.058563808741544 1.7496639796560445
F 15.131109780662532 14.156968500937875 1.7496637699848585
F 15.113318344193768 14.255373078238902 1.7496636172678937
F 15.095526962368984 14.353777492171186 1.749663683067881
F 15.07773553393788 14.452181837583419 1.7496639293506966
F 15.059943996516871 14.550586290137806 1.7496641535139343
F 15.042152388984416 14.648990916080006 1.7496641747953674
F 15.024360815613012 14.747395611075309 1.7496640005263502
F 15.006569345040344 14.845800225421236 1.7496638194553265
F 14.988777951512269 14.944204677013232 1.7496638283739678
F 14.970986540178252 15.042609016651557 1.7496640512892223
F 14.953195028671452 15.141013413014274 1.7496643174228843
F 14.935403425798166 15.239417980805163 1.7496644183917622
F 14.917611826309484 15.337822657973284 1.7496642999238423
F 14.899820318122856 15.436227294415087 1.7496641118419194
F 14.8820289032105 15.534631780304306 1.7496640705068074
F 14.864237500139177 15.633036121358934 1.7496642600767933
F 14.846446013791917 15.731440462032356 1.7496645552447565
F 14.828654422758246 15.829844953039988 1.7496647366441194
F 14.81086280393597 15.928249583873773 1.7496646927472492
F 14.79307125740547 16.02665421653364 1.7496645225455683
F 14.775279812997985 16.125058720364358 1.7496644447628005
F 14.757488408673247 16.223463058317268 1.7496645970351994
F 14.73969705227607 16.32186733101522 1.7496644235824417
F 14.721905731958362 16.42027171647804 1.7496637985929888
F 14.70411424224105 16.51867625682944 1.7496637726366613
F 14.686322595525946 16.617080837245116 1.7496642669390143
F 14.668531136265344 16.715485362766714 1.749664204863194
F 14.650739803638427 16.81388971950236 1.749664049960956
F 14.632948705204495 16.912293958096033 1.7496631918199834
F 14.615157601499202 17.01069825659561 1.7496624328697319
F 14.597366262965668 17.10910275805655 1.749662107316475
F 14.5795747132254 17.207507311251476 1.7496628108222703
F 14.561783319097849 17.30591186172153 1.749662871944554
F 14.543992049958053 17.40431627246239 1.7496628729231365
F 14.52620103261262 17.50272054182698 1.7496620500561637
F 14.508410158408777 17.60112478642656 1.749661119098348
F 14.49704534118716 17.666455224492164 1.7518770823740801
F 14.496123649768702 17.675532615355294 1.7555037537100393
F 14.496123634218504 17.675532720958103 1.7555036526521295
F 14.496123634338442 17.67553272493128 1.7555036365366115
F 14.496123634146532 17.675532729525354 1.75550363396325
F 14.496123633911827 17.675532734190732 1.7555036333393248
F 14.496123633671697 17.67553273885205 1.7555036329968243
F 14.496123633431509 17.675532743498525 1.7555036326961047
F 14.496123633192033 17.67553274812866 1.755503632402782
F 14.496123632953369 17.675532752742296 1.755503632111919
F 14.496123632715529 17.675532757339454 1.7555036318227137
F 14.496123632478522 17.67553276192019 1.7555036315351218
F 14.49612363224233 17.675532766484565 1.7555036312491052
F 14.496123632006976 17.675532771032636 1.75550363096467
F 14.496123631772432 17.67553277556446 1.7555036306818042
F 14.496123631538712 17.675532780080093 1.7555036304004907
F 14.496123631305807 17.6755327845796 1.7555036301207263
F 14.49612363107371 17.675532789063034 1.7555036298424984
F 14.496123630842424 17.675532793530454 1.7555036295658022
F 14.49612363061194 17.675532797981912 1.7555036292906403
F 14.496123630382266 17.675532802417468 1.755503629016993
F 14.49612363015339 17.675532806837175 1.7555036287448549
