F 9.953761677051627 36.12791136345065 -0.4518609926531719
F 9.95376167684697 36.127911363521406 -0.4518609931958331
F 9.953761676643023 36.12791136359193 -0.4518609937365442
F 9.953761676439722 36.127911363662214 -0.4518609942750761
F 9.953761676237118 36.12791136373227 -0.45186099481170633
F 9.953761676035164 36.12791136380209 -0.45186099534614205
F 9.953761675833903 36.127911363871675 -0.45186099587871004
F 9.953761675633285 36.12791136394104 -0.4518609964091225
F 9.953761675433359 36.12791136401016 -0.451860996937644
F 9.974148279299111 36.117984138488325 -0.45199308256568826
F 10.023348768462004 36.09409654273551 -0.45199311033133743
F 10.089414720340699 36.06202049519923 -0.4519932184513013
F 10.16536714064208 36.02514439661344 -0.45199329480565326
F 10.247114963082122 35.98545453317031 -0.4519932110296383
F 10.332260055072105 35.944115261890985 -0.45199298093806056
F 10.419396660929866 35.90180911584025 -0.4519927836011208
F 10.507700717475398 35.85893617680929 -0.4519927986912967
F 10.596689133615374 35.81573095756101 -0.45199302214502235
F 10.686078685484752 35.772330942659295 -0.45199325543347746
F 10.77570333507327 35.72881675584218 -0.45199328542963474
F 10.865465795446404 35.68523566758047 -0.4519930838613627
F 10.955309081368359 35.64161537449152 -0.45199283630252646
F 11.04519978369408 35.59797209284549 -0.45199277222346845
F 11.13511829191004 35.55431530940178 -0.4519929534857427
F 11.225053075684631 35.51065058930041 -0.45199321675479814
F 11.314997350750449 35.466981225441884 -0.45199332337662634
F 11.404947170029079 35.42330916615313 -0.4519931789918675
F 11.4949002721706 35.37963554469685 -0.45199292041787414
F 11.584855339857413 35.33596100708738 -0.4519927898264759
F 11.674811577861124 35.29228591104391 -0.4519929121840489
F 11.764768488699662 35.24861046079725 -0.45199318037181574
F 11.854725748289464 35.20493480193566 -0.45199335356623227
F 11.944683179056454 35.16125904535642 -0.45199327873363776
F 12.034640730517399 35.11758325378791 -0.45199303140310165
F 12.124598395466066 35.073907447473 -0.4519928461414913
F 12.214556151611454 35.03023161725343 -0.4519929009608408
F 12.304513958040037 34.98655574444822 -0.4519931537596531
F 12.394471756236708 34.942879835866535 -0.4519933809539337
F 12.484429507252834 34.899203925814604 -0.4519933830743006
F 12.55460679884726 34.859108074997685 -0.4169751155701879
F 12.607181068131947 34.83046271873477 -0.3693125022457535
F 12.654241134368675 34.80872415376918 -0.3389918442062212
F 12.697544629769364 34.7910088781788 -0.3194478853243412
F 12.738376518465188 34.77587761398833 -0.3070077565544103
F 12.777566625835888 34.76241895574426 -0.2992843914678682
F 12.815647858971026 34.7500530447796 -0.2947362155687581
F 12.85314729733567 34.738275853982095 -0.2918703446801377
F 12.890437191202835 34.72676353542854 -0.28963862856877726
F 12.927611962901523 34.71542282655268 -0.287761770995634
F 12.964724267581847 34.70420363601137 -0.2860955249576923
F 13.001803176709522 34.69307903945696 -0.2845626083057299
F 13.038863906816879 34.682032082146726 -0.283115016968082
F 13.075917875310932 34.67105223936488 -0.28172311419864815
F 13.11297088628589 34.66013464710829 -0.28037541530213533
F 13.150032264690392 34.64927237011961 -0.27905068908589203
F 13.187105760145833 34.63846165213771 -0.27773700691810127
F 13.224189431580466 34.627702385914965 -0.2764353084637985
F 13.261280770055254 34.61699554309248 -0.2751510384747391
F 13.298376170320438 34.606342507776745 -0.2738921931653968
F 13.33547082026383 34.59574502824375 -0.2726693813723677
F 13.372558678591542 34.58520468290958 -0.27149434791163896
F 13.409629252574103 34.574721937359286 -0.27037699515963975
F 13.446678738087119 34.564295574931414 -0.26932044953814266
F 13.483719206673154 34.55392235515716 -0.2683211257608548
F 13.520753402465932 34.54359777112957 -0.2673696350459014
F 13.557784430962705 34.53331750720319 -0.26645588369884615
F 13.594816063386066 34.523077148294895 -0.2655675642691016
F 13.63185123250182 34.512873204745794 -0.264694173705806
F 13.668890952345667 34.50270417064209 -0.263831998783087
F 13.705936919256459 34.49256841255562 -0.2629760359013792
F 13.742992725205887 34.482463084151945 -0.26211568074365355
F 13.780069050781304 34.472380542169134 -0.2612196750760449
F 13.81717989492007 34.46230963627847 -0.2602385394057773
F 13.854337112627537 34.452250489939445 -0.2591573243464888
F 13.891557484716632 34.44220468885312 -0.25796778475236326
F 13.92885140353506 34.43216332151768 -0.2566163521564932
F 13.966217388197428 34.42213328289624 -0.25510400463922484
F 14.003617862043384 34.4121460418109 -0.2535361241866385
F 14.04103235228511 34.4022173725952 -0.25196857932678807
F 14.078446359818567 34.39235674460523 -0.25044045461444475
F 14.115849116064785 34.382568550891776 -0.24897611700440905
F 14.153233029006646 34.372851230492756 -0.24757954203133145
F 14.190597512505363 34.363198097806084 -0.24623372106761607
F 14.227961364520402 34.35360311616877 -0.2449219205333483
F 14.265335187847088 34.344058112092114 -0.24361573617203267
F 14.3027253561321 34.33455832989893 -0.2422960590794579
F 14.340140614176242 34.32510312220812 -0.24095732093120048
F 14.377593622460152 34.31568870733146 -0.23958156460860736
F 14.41509077424293 34.306307450106424 -0.2381310294460052
F 14.452636006982136 34.29695773667156 -0.23658673462121266
F 14.490231608946798 34.287644302864486 -0.23495523983102765
F 14.527871725448719 34.27837362050588 -0.23324639669057537
F 14.579089702655171 34.2662046566263 -0.23323953251499377
F 14.64937321937529 34.249507858451665 -0.23323957663110348
F 14.730832861732884 34.230156024348865 -0.23323968206927762
F 14.818843992740584 34.2092478278875 -0.2332397620661522
F 14.910695731908218 34.187427290100885 -0.2332397248042045
F 15.004798896864454 34.165071918495684 -0.23323957799135436
F 15.100221772839307 34.142403006903685 -0.23323943996828408
F 15.196418135285924 34.1195502907897 -0.23323943354825546
F 15.293067831817746 34.09658984690327 -0.23323956666849643
F 15.38998329764057 34.07356628502501 -0.23323971938127463
F 15.487054695510631 34.0505057334074 -0.23323975254397875
F 15.584217615864615 34.02742347910355 -0.23323963664368463
F 15.68143415196239 34.004328476818955 -0.23323948002818684
F 15.778681989893526 33.981225987031365 -0.23323942964743982
F 15.875948072658671 33.95811911825538 -0.2332395357625306
F 15.973224840712595 33.935009714399065 -0.2332397055043372
F 16.070507987689062 33.911898843782176 -0.23323978817933888
F 16.167795015109583 33.8887871005559 -0.2332397138326284
F 16.2650843267221 33.86567481951801 -0.23323955762273008
F 16.362374861783067 33.84256220415642 -0.23323947077757246
F 16.4402582853417 33.81834508782111 -0.19975095691528996
F 16.49827630948404 33.79942025350504 -0.15242573288566158
F 16.550330121027898 33.78660253924952 -0.12215431069542157
F 16.598464980548577 33.7775856926154 -0.1032551520426149
F 16.644037123626866 33.770959593899825 -0.09188092996540842
F 16.687935283406325 33.765828999651355 -0.08545427164105099
F 16.73073860071562 33.76161988583065 -0.08225533120119827
F 16.772841798764205 33.75794981263468 -0.08107872010813169
F 16.814655077421566 33.7545119297457 -0.08082769135253068
F 16.856434327733403 33.7511051415252 -0.08069558428013193
F 16.89821400378525 33.747703840376715 -0.08056327243223671
F 16.93999313810677 33.74430856991368 -0.08043393015336563
F 16.981770973366352 33.74091979140987 -0.08031012519130595
F 17.02354746811511 33.7375373869249 -0.08019222522418294
F 17.065323434176435 33.734160546744256 -0.08007759560376405
F 17.107099244748827 33.73078884550235 -0.07996476893366067
F 17.148875340082682 33.72742195805611 -0.07985231660080562
F 17.19065216896675 33.72405959842864 -0.07973881280982877
F 17.23243003456839 33.72070162024672 -0.07962328127922151
F 17.27420914234714 33.7173479644348 -0.0795050806843073
F 17.31598963329134 33.713998636110574 -0.0793837840693178
F 17.3577715922493 33.710653700074175 -0.07925918900006435
F 17.399555261574164 33.70731303101899 -0.07913022313723955
F 17.441339697037563 33.70397752195308 -0.07900014221656165
F 17.496284021753972 33.699626338566645 -0.07901229287762848
F 17.56974343461387 33.6938100556261 -0.07901222804975541
F 17.654056244178754 33.687134390934055 -0.07901220780170021
F 17.744731150826603 33.67995495842451 -0.07901223436040634
F 17.839135493235617 33.67248025764844 -0.07901227405499257
F 17.935726190201756 33.66483251796753 -0.07901227935495188
F 18.033598704134583 33.65708335299874 -0.07901223237639465
F 18.13222263770781 33.64927469228845 -0.07901216413950328
F 18.23128692027285 33.64143109725823 -0.0790121276287104
F 18.330609152855963 33.63356700305374 -0.07901214875435278
F 18.43008251322641 33.62569093051253 -0.07901220154358705
F 18.51090673061528 33.61415755665604 -0.04900829069041818
F 18.569316302587886 33.60292602406348 0.000708090028006568
F 18.621775075397952 33.59741150092147 0.03300091022784373
F 18.670343206031543 33.59551012077362 0.053224150313362785
F 18.71626520027275 33.5958163142611 0.0655032803532183
F 18.760415218341404 33.59747873635732 0.07255917806767916
F 18.816641472266113 33.60155439236823 0.07267514958660054
F 18.89087216536533 33.60695860739552 0.07267515327790887
F 18.975656858785158 33.61313115245102 0.07267516284328633
F 19.066628221777144 33.619754110360795 0.0726752025133137
F 19.1612263177448 33.62664116823359 0.07267525328108945
F 19.239982163059338 33.62774178107021 0.09963555726303297
F 19.297364178247616 33.62610867994512 0.1442808774727053
F 19.348468090053245 33.62891330316297 0.17199429280221842
F 19.40813700318953 33.639066989381526 0.17411918240600732
F 19.483860045524466 33.65238669260454 0.17411915840900105
F 19.56900316125163 33.667363348695176 0.17411916071913286
F 19.659668211282334 33.683311298935024 0.1741192294957011
F 19.753570251628044 33.69982867758319 0.17411933031837354
F 19.83236410364661 33.70955000771623 0.19866866171192052
F 19.889428987001047 33.714079395606184 0.24127512054069938
F 19.93954527196447 33.722053919201066 0.26760682714387446
F 19.985377910758263 33.73209180875678 0.28271292705897066
F 20.041052646517997 33.74821908910364 0.28328834259742874
F 20.113420511620955 33.76928666753046 0.28328832137435334
F 20.195573179182364 33.79320275515236 0.2832883415516554
F 20.283461645723943 33.818788631714966 0.28328843112329083
F 20.374712448406076 33.84535337374217 0.2832885354199508
F 20.45173572266291 33.86354849986244 0.3085758520771358
F 20.50772773535312 33.874690050579666 0.3496073229376732
F 20.556252341676633 33.888212788555386 0.3746526415722469
F 20.60033058508221 33.90321390206892 0.3885567520520483
F 20.641390224789532 33.919638374608674 0.3948468800773794
F 20.693506805646845 33.94139595361898 0.3949888612956639
F 20.762265951417056 33.970061581647485 0.39498890523821684
F 20.840766348944165 34.00278833236834 0.39498899227406736
F 20.924977062184595 34.03789571271307 0.39498909882797095
F 21.012535128522213 34.07439860469369 0.3949891578368993
F 21.10205541326428 34.11171954401005 0.3949891282784504
F 21.192725981114222 34.14952003260936 0.3949890464908633
F 21.28407082273077 34.187601622187614 0.3949889999338631
F 21.37581089959592 34.22584798451503 0.3949890465396074
F 21.45260325858186 34.25291523031471 0.42383231122246473
F 21.508029919336447 34.27094216771908 0.46587313618060605
F 21.55490353852673 34.29025478238027 0.4914460133170757
F 21.608073350279184 34.31869724236933 0.49318262845576216
F 21.675704584219893 34.35504785596474 0.4931825922215539
F 21.751798749910133 34.395947145700084 0.493182538312867
F 21.832853876411164 34.43951289155129 0.49318251670368946
F 21.9168171500569 34.48464175977314 0.49318255338371425
F 22.002485243854473 34.530686964417264 0.4931826183230821
F 22.08915270284141 34.577269292273016 0.4931826491760073
F 22.176405909329297 34.624166402056005 0.49318261021660653
F 22.264002432532877 34.67124800491223 0.4931825283729042
F 22.351800213665015 34.71843779184557 0.4931824704060484
F 22.43971600135142 34.7656910520639 0.4931824816074045
F 22.527701032180076 34.81298156823823 0.4931825435408965
F 22.615726688001885 34.8602939147315 0.49318259080130544
F 22.70377609282727 34.907618981503084 0.4931825711255124
F 22.791839351723226 34.95495145094712 0.49318249338801196
F 22.879910727719448 35.002288280100316 0.4931824196074254
F 22.967986884441526 35.04962771910248 0.49318240796437673
F 23.056065902516814 35.09696874213205 0.4931824591076566
F 23.14414665439818 35.14431070609838 0.4931825155863665
F 23.232228381302413 35.19165315769726 0.49318251472012803
F 23.320310599110343 35.23899582418926 0.4931824460391767
F 23.408393085174488 35.28633861775873 0.4931823609102374
F 23.49647574591936 35.33368153550885 0.4931823253932386
F 23.58455855654758 35.381024583108896 0.4931823593258179
F 23.672641523574352 35.428367736974714 0.49318241803331114
F 23.760724570532332 35.47571090820209 0.4931824334994586
F 23.84880757976495 35.52305400872066 0.4931823767373996
F 23.93689052797353 35.57039704663558 0.49318228433785183
F 24.024973452523668 35.61774008959649 0.49318222492916164
F 24.11305640022632 35.66508319340339 0.4931822359469797
F 24.20113943247089 35.71242637615029 0.493182289068768
F 24.289222532588 35.75976958251915 0.49318231634428106
F 24.3773055949995 35.80711272056772 0.49318227256394975
F 24.465388575604116 35.85445577439947 0.49318217663253244
F 24.55347151204707 35.90179880817012 0.4931820942536027
F 24.641554452017033 35.94914188729329 0.49318207745183196
F 24.72963746000788 35.99648504494597 0.4931821165183039
F 24.81772055177091 36.043828248371554 0.4931821489658369
F 24.90580363275136 36.09117140392598 0.49318211693680614
F 24.99388662928497 36.13851446641008 0.4931820201449625
F 25.08196956661486 36.18585748617836 0.4931819161157206
F 25.17005249379234 36.23320053527456 0.49318186727903257
F 25.25813547207252 36.280543658681914 0.49318188330670454
F 25.346218541806586 36.32788684530949 0.4931819121411556
F 25.434301630466692 36.37523000906442 0.49318188785001604
F 25.522384639809186 36.42257307856539 0.49318179096811204
F 25.610467573501406 36.46991608253381 0.4931816662446033
F 25.698550483191447 36.517259096594664 0.49318158149274205
F 25.786633426760098 36.564602176478445 0.49318156496984056
F 25.87471646006768 36.61194533052254 0.4931815791833155
F 25.962799539468442 36.65928848756066 0.4931815553371305
F 26.050882551817928 36.70663155666687 0.4931814563098909
F 26.138965471108314 36.75397453847867 0.49318131049248903
F 26.227048349112952 36.8013175070032 0.49318118562416396
F 26.315131243948002 36.848660528631214 0.4931811262480106
F 26.403214201028632 36.896003699338195 0.4931814240005911
F 26.491297228143758 36.94334685044076 0.49318139810506934
F 26.560055421300632 36.986020333216835 0.45933742026601426
F 26.6127437794026 37.01590022330712 0.4194952119447811
F 26.659323549613617 37.03880377621839 0.39794476924207806
F 26.7153308895698 37.06223958836351 0.3963177750250822
F 26.78639190214554 37.09197577371477 0.39631777000268725
F 26.866220444555033 37.12538081884259 0.396317784953657
F 26.93143669206164 37.157888409605675 0.3641898677628599
F 26.98377974358579 37.18190476532173 0.3292108260612136
F 27.031440176647184 37.2008459322582 0.30797039819495925
F 27.07597515398507 37.21662329694982 0.2956660423716685
F 27.118474270822976 37.230440034863705 0.2891562962423093
F 27.159592659608773 37.24302978302221 0.28653274156392483
F 27.19995404552697 37.25499937279152 0.28598793486964014
F 27.240162931214833 37.26683425635354 0.28590302340071533
F 27.29301930492999 37.28237273054608 0.28591915255146005
F 27.363704151427537 37.30315226623065 0.28591912330442837
F 27.4448397571558 37.327004035482986 0.28591906735392225
F 27.532101501659355 37.35265669857846 0.28591903659207585
F 27.622954336832898 37.37936503397702 0.28591906456609695
F 27.71591227240786 37.406692236371654 0.2859191235149389
F 27.810104272257124 37.4343822659123 0.28591914516667105
F 27.905019766697833 37.46228501089209 0.2859190872825602
F 28.000359385534836 37.49031241999182 0.28591897773812125
F 28.076652346046313 37.518521225000114 0.25149073256454035
F 28.133953307327907 37.53990022843976 0.20513214173229496
F 28.185406950125987 37.5549816374434 0.176178195984444
F 28.232990523936948 37.56624567859774 0.1583848808067319
F 28.278063552135627 37.575127186612946 0.1478900344878878
F 28.321509723319636 37.58253323954714 0.1421427589781241
F 28.377129646457966 37.59049840469551 0.14207562232902676
F 28.45069768141328 37.60102157711193 0.14207569062261188
F 28.534786495146744 37.613049660432736 0.142075717704626
F 28.625042563342195 37.62595988045255 0.14207566415284548
F 28.718913741258955 37.639387132111445 0.14207556629237225
F 28.81490393310658 37.65311742535553 0.14207551322023093
F 28.89282139358909 37.669680142277315 0.11049035652096881
F 28.950530418808107 37.68373698829611 0.06349758030061851
F 29.002519622559017 37.69219991724806 0.03307298747068531
F 29.050772659851177 37.697168865157536 0.013651934618291912
F 29.096596574228734 37.699922331638696 0.0015050689819146531
F 29.154044820410373 37.700029833852014 0.0010990125373475782
F 29.229101220506447 37.7001123559752 0.0010990295287577033
F 29.314479359666645 37.700206171940124 0.0010989545742791421
F 29.405907901207517 37.70030656478471 0.001098841310263004
F 29.500883042450894 37.70041082920063 0.0010987974966508455
F 29.59793729045803 37.70051743758843 0.0010988774310144909
F 29.69621054613598 37.70062548673921 0.0010990182247927226
F 29.795198502966958 37.70073437369486 0.0010990929790426229
F 29.894605352802586 37.70084367369071 0.0010990307087432464
F 29.994257573892675 37.700953137286696 0.0010988859888417756
F 30.094053439197353 37.70106269078774 0.0010987905939089677
F 30.19393352069529 37.70117236985195 0.0010988320174089082
F 30.293863203167973 37.70128220762925 0.0010989722872262
F 30.393822142961195 37.70139215743424 0.0010990825218722474
F 30.475600799326138 37.70640269387947 -0.02722116803763859
F 30.53431374717458 37.71299176973642 -0.07619673965622667
F 30.586652149905067 37.714234892713556 -0.10734440101412075
F 30.63481025180578 37.7122638431444 -0.1263495639388959
F 30.680187856438717 37.708390766275265 -0.1374667077640578
F 30.72373874923558 37.7033871534891 -0.1434592801963305
F 30.766095285589248 37.697720440756946 -0.14612054101814154
F 30.807730904743906 37.69169708329588 -0.14676191166434158
F 30.849193150324144 37.685585814041914 -0.14686985162215543
F 30.89065189408285 37.67946906829425 -0.14696813187519486
F 30.932110966193168 37.67334824458527 -0.14706700590798627
F 30.973572138288297 37.6672238419739 -0.14717102262947498
F 31.01503500119927 37.661095490814525 -0.14727936866253136
F 31.05649960225448 37.654963338875284 -0.14739363533002126
F 31.097965288935022 37.64882709540002 -0.14751295979765897
F 31.139431214115735 37.64268636288814 -0.1476354799412303
F 31.18089677236456 37.636540851090686 -0.1477597519648235
F 31.22236119029046 37.63039026585635 -0.14788376914928522
F 31.263823864052828 37.62423444671486 -0.14800612142763156
F 31.30528434027429 37.61807329451156 -0.14812564143834905
F 31.346742405124306 37.611906818964385 -0.1482419047304757
F 31.3881974701539 37.60573507489869 -0.1483542353815244
F 31.429649536046927 37.59955785351959 -0.1484602774310859
F 31.48415330006315 37.591407885947454 -0.14844832598820715
F 31.55702846335134 37.58050957713146 -0.1484482028299306
F 31.640672945730888 37.568000775258085 -0.14844805590462778
F 31.71299640449123 37.561400207419574 -0.1730919114215076
F 31.767429405314875 37.55799477035665 -0.21027941102787145
F 31.81632102027794 37.55127238178856 -0.23258271670494765
F 31.86163554650561 37.542683446752164 -0.2453553698882403
F 31.904658841343338 37.533041441691374 -0.2520634865465871
F 31.946221923391718 37.5228136412352 -0.25489914438415573
F 31.986923031978105 37.51229013831456 -0.2554222874188628
F 32.040224843965106 37.49837264440281 -0.25540682318590896
F 32.111508199997544 37.47975992431498 -0.25540676207643814
F 32.1763906223747 37.4666106659512 -0.2775562095090441
F 32.2271521767448 37.45692237120343 -0.3065139305780484
F 32.27306363512972 37.44514448673491 -0.3229711556830795
F 32.31593540347721 37.43225735343489 -0.331642518156464
F 32.356892833475165 37.41868296826444 -0.3353872765379735
F 32.39680225160188 37.40460939645395 -0.33641389262689336
F 32.4490851570126 37.38632491284076 -0.3364148372535722
F 32.5187944149115 37.36194699099213 -0.33641485324925824
F 32.582388319958675 37.34378147555427 -0.36025100948319677
F 32.63220230002021 37.3298183441633 -0.38918734942271394
F 32.676880083914796 37.31419701349188 -0.4053090158977959
F 32.71808929103788 37.296951371254316 -0.412726575240468
F 32.75775624100101 37.279040289593155 -0.4162792034221971
F 32.79706498974401 37.2612472832953 -0.41902009267546975
F 32.83621351898807 37.24344725549005 -0.42144760835332623
F 32.88732879559631 37.22051687628293 -0.4215034352540218
F 32.95505629577208 37.19014940757732 -0.421503350979036
F 33.0169264888858 37.16671304541953 -0.44641226483831314
F 33.06536644710227 37.14839127706354 -0.4752493814568737
F 33.10820396266043 37.12790933585794 -0.4904093457286482
F 33.147911024512865 37.10577096476162 -0.49789355418463166
F 33.18679857997064 37.08392166421151 -0.5035669253849261
F 33.225261637207026 37.06213472345666 -0.508403362265043
F 33.263484702277765 37.04029326709458 -0.5128577632343351
F 33.31293827326712 37.012396029440055 -0.5130377068806208
F 33.37799552569241 36.975745752413665 -0.5130376996064124
F 33.437623261303195 36.9466889056136 -0.5386690135078586
F 33.483873611746844 36.92323540952298 -0.5664585241734971
F 33.524268682930504 36.89681805629097 -0.5801835613920205
F 33.56274438279817 36.87070819084145 -0.5895518280446503
F 33.60033129668566 36.84487805284181 -0.597104169021317
F 33.637409928669186 36.81908349432862 -0.6037627898567327
F 33.6741655681107 36.79320536465541 -0.609977572485273
F 33.7106941364886 36.76718208836964 -0.6159829048129435
F 33.74707049446555 36.74095742666125 -0.6219689294478564
F 33.783291656751956 36.71453191245675 -0.6279345379474729
F 33.81936379265511 36.687896908154265 -0.63391080184224
F 33.855149783486084 36.6610306115035 -0.6399666936288854
F 33.9011020860909 36.62673839419506 -0.6402614829929973
F 33.94741746850667 36.593972028252246 -0.6600999893148486
F 33.986398854816684 36.562710710697495 -0.6762877480429217
F 34.023270522197194 36.532496110261576 -0.6878713717627459
F 34.05901004713465 36.50268322755352 -0.6971955314013599
F 34.094063178031504 36.47297709497102 -0.7053315158717491
F 34.13820053266652 36.435287571925194 -0.705768180069538
F 34.18256180602868 36.399079128904916 -0.7262142245183655
F 34.22020217005835 36.36512970763827 -0.7438038086237077
F 34.255557064827556 36.33231728677622 -0.7565557483950343
F 34.28937160660542 36.29994301263248 -0.7669375781038087
F 34.32240035370321 36.26775252874979 -0.775886625662568
F 34.35491644759591 36.23556078985785 -0.7840657525263302
F 34.39591848975459 36.194561437538496 -0.7844952005955019
F 34.437269978687226 36.15512020481276 -0.8048190529818163
F 34.47230715510535 36.118549165174585 -0.8229640774861191
F 34.50499200839516 36.083166869279204 -0.8362434564248912
F 34.53637892612664 36.04838571759306 -0.8467510234392734
F 34.566948008816354 36.01384997375083 -0.8557305937194053
F 34.605040314223295 35.96987544806532 -0.8562207558535703
F 34.654508814048405 35.91285239597171 -0.8562206493355113
F 34.69950386492552 35.86506288636769 -0.882476817966952
F 34.73450745680579 35.82378147806458 -0.907760286434222
F 34.765557288987 35.78472930699512 -0.924875673832762
F 34.7944634734207 35.7468487939619 -0.9369289622966035
F 34.82207790718507 35.709505383592806 -0.9461158009544934
F 34.85612066228629 35.662166733170345 -0.9466499205618832
F 34.8906509751798 35.61740564189166 -0.9668804119113658
F 34.91968231038086 35.576788682117474 -0.9843259229244686
F 34.94643868550206 35.5377002658971 -0.9962929314749243
F 34.971801967510146 35.4993071023587 -1.0050324646582105
F 34.99633442050154 35.461212959722985 -1.0120377906318794
F 35.02035025492493 35.42331194235819 -1.0181565398761787
F 35.0504306065604 35.37448707663116 -1.0184251919987064
F 35.08978603068271 35.310637007011096 -1.018425115060993
F 35.12674257135509 35.25693028389149 -1.0446347513061645
F 35.154247105748304 35.21195387565715 -1.0669795650367007
F 35.178464685907585 35.16982594543045 -1.0809195662912237
F 35.20082809720925 35.12923445353898 -1.0902416097914769
F 35.22210480672287 35.089470720665766 -1.096991130159723
F 35.248275628711525 35.03838977415758 -1.0972734106754185
F 35.2756159631615 34.98963927377945 -1.1165670197826754
F 35.29785519526316 34.94661442095389 -1.1304390886959956
F 35.31809606577854 34.905383938311466 -1.1390755148276295
F 35.337222284053865 34.86509989132887 -1.1448920315100095
F 35.35570494985306 34.82530622608561 -1.1491873601431613
F 35.37379543738895 34.78575824352358 -1.1526568909718553
F 35.396681604211345 34.73425256007247 -1.1527323547890092
F 35.42142599880204 34.68442783590285 -1.1720656689822844
F 35.44118690662406 34.64079871850451 -1.1851330761104628
F 35.45887243576735 34.59921140964534 -1.1923821744603809
F 35.475524368796506 34.55859184154369 -1.1968275286629548
F 35.491599797875445 34.518486366069695 -1.1997578641749584
F 35.5073470242859 34.47865598189035 -1.201861054642295
F 35.52290072785377 34.43897400696903 -1.203511088419551
F 35.538327353017436 34.39935759594907 -1.2049341824208222
F 35.55366855216504 34.35977222502543 -1.2062497667321064
F 35.573491728373426 34.30782891321367 -1.2062563776111366
F 35.599864140193176 34.23871793654391 -1.2062562363573301
F 35.63007646468345 34.159544249427626 -1.2062561744963651
F 35.662539766310964 34.07447175706383 -1.2062562958434835
F 35.69430149648386 34.005573440655134 -1.239346161315273
F 35.71782154243081 33.95122384638895 -1.278415753745144
F 35.73580788505334 33.90215000841973 -1.302425468865486
F 35.75034944447149 33.85649915821596 -1.316628876830884
F 35.76274223402109 33.81308850164808 -1.3244198779320762
F 35.776565009102065 33.758121368453445 -1.3245619809981262
F 35.79356266085253 33.7041900220062 -1.3466211316069
F 35.8072313219412 33.65650115570041 -1.3654326415993738
F 35.81828607711472 33.61150971161189 -1.3764622263945108
F 35.82771347136755 33.56827998990282 -1.382402521221763
F 35.83615317824119 33.52620578621962 -1.3850241778943935
F 35.84402428102926 33.48483980505944 -1.3856444434057333
F 35.854173386512514 33.430661790455886 -1.3856314195999566
F 35.867740757955055 33.35822951533806 -1.3856314345464136
F 35.88444168812519 33.294564397281206 -1.4142863826466923
F 35.89755144967989 33.24236165715376 -1.444994511339093
F 35.90680174751738 33.19412445866182 -1.4642039988455953
F 35.91362816333892 33.148472164642456 -1.4758289270029612
F 35.91894047490148 33.10450685323488 -1.4824689445787003
F 35.92331729446772 33.061645935381385 -1.4858511606915294
F 35.92804121162298 33.00619319321713 -1.4858663902069034
F 35.934318841774626 32.93245593538261 -1.4858663609310718
F 35.94476902505482 32.867413221208075 -1.5140153982924915
F 35.95326944782238 32.81479307858413 -1.54642373126663
F 35.95805788160989 32.76614161101642 -1.5671586529755606
F 35.96050072657398 32.72005000812495 -1.5801485261007369
F 35.96145881091728 32.675632099495765 -1.5879854876764679
F 35.960498747178995 32.61908006067692 -1.5881384127954903
F 35.95920617670961 32.54455573674343 -1.5881384416213797
F 35.96286072034386 32.4785201345702 -1.615188357282513
F 35.96604267514381 32.42574218024393 -1.6478515512793626
F 35.96571388325134 32.377177551532746 -1.6679514440763792
F 35.96328387763887 32.33145403625937 -1.679810757980292
F 35.95959393921124 32.28761180760159 -1.6862885974375317
F 35.95312332587226 32.23175651384603 -1.6863752585357656
F 35.944550073906896 32.15791031742525 -1.6863751066045756
F 35.93475241738949 32.073517666860226 -1.6863749335614007
F 35.93073934812782 32.00090615187754 -1.7120508264171586
F 35.929226606715304 31.946138823647914 -1.750108752041502
F 35.92412330562388 31.896830138123377 -1.7730936600029226
F 35.91697507272007 31.851109841894793 -1.786351474139476
F 35.90865495632164 31.80771970588438 -1.793346632093368
F 35.89623830484286 31.752801665291383 -1.7934463226534831
F 35.87981241209475 31.680250277874347 -1.7934463583841844
F 35.861046227156535 31.597362030624875 -1.7934462474098114
F 35.848606250307654 31.525282158964387 -1.8163466299212847
F 35.84102130301329 31.471405556145964 -1.852472086302572
F 35.83069860905777 31.423415811271003 -1.8739043238705864
F 35.81884850884791 31.379110780763963 -1.8858423415215977
F 35.806172300069306 31.337128355148877 -1.8918024489835639
F 35.788481343858926 31.28389936449255 -1.8918673721840005
F 35.76504521734595 31.213431472103082 -1.8918675388009205
F 35.747735183184346 31.149301097588836 -1.9154163976537826
F 35.734579518257455 31.099199389421486 -1.94458162377491
F 35.719684066430204 31.05421407950282 -1.960909155788435
F 35.70342478112397 31.01256914514371 -1.9688465326344258
F 35.68617128946113 30.97273949673546 -1.9721794934258736
F 35.664195291220324 30.921016504870956 -1.9722656301374766
F 35.63514980460409 30.8525979256763 -1.972265442104161
F 35.61292982781553 30.79018794152382 -1.9971123865545526
F 35.59561751287959 30.741353603399702 -2.026083521658748
F 35.57642569502273 30.69800101978416 -2.0416259147638742
F 35.5552958209321 30.65803221841947 -2.0487952377607423
F 35.53435982331562 30.618938463269323 -2.053969086088
F 35.51349050215413 30.580243234336375 -2.0583377310125037
F 35.48689015133673 30.530163637247252 -2.0585078054995143
F 35.4519191269169 30.464236855736882 -2.0585077988521414
F 35.41202821007135 30.389035192035923 -2.058507669402284
F 35.36925329431077 30.30839663041314 -2.05850745638925
F 35.33764337599414 30.239094404287204 -2.087380809396096
F 35.314943839996594 30.18765369220026 -2.125556345072027
F 35.28984892270818 30.144503318077714 -2.146043035037799
F 35.26333875990082 30.105282314668788 -2.1571229062382877
F 35.23736961163018 30.067343928386684 -2.1654248623461556
F 35.20480971563709 30.019380136775666 -2.1658876346425706
F 35.16255653426511 29.956963613090622 -2.1658876596729653
F 35.11459072292727 29.886108409339524 -2.1658876358633927
F 35.063276199131735 29.81030648427858 -2.1658875491872824
F 35.00999868751997 29.73160478073798 -2.1658874685604608
F 34.95557046447659 29.651203171847854 -2.165887481521813
F 34.90046764474286 29.569805014850992 -2.1658875995588165
F 34.844969352094054 29.48782270352195 -2.165887735819004
F 34.78923925881129 29.405498052683846 -2.165887782082681
F 34.733373316571026 29.32297277010184 -2.1658877105371754
F 34.67742776722706 29.240329862034795 -2.1658876016464497
F 34.62143555775318 29.157617949682376 -2.165887570881409
F 34.56541595098074 29.07486551157642 -2.1658876622208316
F 34.50938024098084 28.992089304753684 -2.165887807127708
F 34.45333510436305 28.909299247527297 -2.1658878873903413
F 34.39728447599222 28.82650113971435 -2.165887844003715
F 34.341230657524 28.743698311610423 -2.165887731504197
F 34.2851749857443 28.66089267486136 -2.165887667886454
F 34.2291181957449 28.578085317508048 -2.1658877262689047
F 34.17306069754795 28.49527691057645 -2.1658878676618487
F 34.1170027814554 28.41246795075515 -2.1658879767928028
F 34.07606091358863 28.34312619626069 -2.1975918292561643
F 34.045945624908995 28.292823210283945 -2.2376659917130945
F 34.01352223834892 28.25199564876833 -2.2594359591277806
F 33.98194668321413 28.214464179887052 -2.273757345146256
F 33.951118185890145 28.178598692165615 -2.2845763969409068
F 33.91254124220887 28.13424652930345 -2.285253910210765
F 33.8628478565366 28.076950424752606 -2.2852538577495656
F 33.80660506019611 28.01210288901957 -2.285253772604205
F 33.7465230183444 27.942828746572687 -2.2852536811709547
F 33.68419045848237 27.87095980903555 -2.2852536356404602
F 33.6205386635138 27.797569829719755 -2.285253659128293
F 33.57294187096925 27.73558584072758 -2.3163400152096587
F 33.53394892846737 27.691456253280457 -2.3516848277912756
F 33.4967243698803 27.653909636027215 -2.3736999819855673
F 33.461218272360966 27.61950054814239 -2.3889793069299143
F 33.426485693936144 27.58711081403088 -2.4008142365980945
F 33.38290280877219 27.54741024268059 -2.4015661404390514
F 33.32682129242958 27.49620004338022 -2.4015659548422077
F 33.26338922705565 27.438277774410132 -2.40156585087309
F 33.195648296007754 27.376420923213644 -2.401565942213934
F 33.12538149960189 27.31225761929755 -2.401566175535066
F 33.05363401627944 27.246742247279286 -2.401566341482119
F 32.981018542948384 27.180434270343536 -2.4015662678599705
F 32.90789426402414 27.1136616671825 -2.40156599622371
F 32.834471750312645 27.046616726631463 -2.4015657559142105
F 32.760874436359586 26.97941217694696 -2.401565754092462
F 32.68717464880287 26.912114070454802 -2.401565981365699
F 32.613414760393596 26.84476109330425 -2.4015662174803194
F 32.53961961950648 26.77737592021281 -2.4015662330526726
F 32.46580381650014 26.709971863395438 -2.401566001060111
F 32.3919759242059 26.642556755520783 -2.401565722358255
F 32.318140973721945 26.575135205961942 -2.401565641012293
F 32.24430189008429 26.507709897184615 -2.4015658197140355
F 32.17046035618006 26.44028236385241 -2.4015660821063594
F 32.096617358664645 26.372853493033475 -2.401566174752103
F 32.02277349929527 26.305423820557174 -2.4015660000403445
F 31.9489291528974 26.23799368853959 -2.4015657060442064
F 31.87508455081383 26.17056332179283 -2.4015655503018034
F 31.801239812860455 26.10313284372393 -2.4015656628917132
F 31.72739497457108 26.03570228891524 -2.401565926918293
F 31.653550046328125 25.96827165545412 -2.4015660859243746
F 31.579705054372518 25.900840951996333 -2.401565979500915
F 31.505860037940767 25.83341020959937 -2.401565690824308
F 31.432015036010235 25.765979474507933 -2.4015654701648503
F 31.358170064603218 25.69854877679435 -2.401565504603555
F 31.28432509952515 25.631118100546345 -2.401565746060301
F 31.2104801058438 25.563687405768388 -2.401565955508211
F 31.13663507733054 25.496256671084815 -2.4015659225323445
F 31.062790035426804 25.428825907124647 -2.401565658766901
F 30.98894501190914 25.361395149693344 -2.4015653872330884
F 30.91510002693932 25.293964432871938 -2.4015653371007732
F 30.84125506352093 25.22653375095294 -2.4015655329333043
F 30.78565231105752 25.16947717307833 -2.4331194556365308
F 30.741212320435917 25.129634816833786 -2.4688541163433504
F 30.700311632418327 25.096110842661783 -2.4919089334001936
F 30.661418551108785 25.06595899814748 -2.5076191120467635
F 30.62363696291864 25.03765510496123 -2.519078582455831
F 30.575864902460257 25.003460749178394 -2.5197730814168846
F 30.514228245219083 24.959288232240638 -2.5197728585228565
F 30.462782572194634 24.91866188623932 -2.5461905186991647
F 30.419293017732 24.887769729840162 -2.5709064582327374
F 30.37807543427848 24.860604053895216 -2.5862030448054716
F 30.338320789198896 24.835382166910847 -2.596837788721591
F 30.299343901539274 24.811306286069236 -2.6049085135838084
F 30.26076327061371 24.787951586510292 -2.611532858970354
F 30.21116435536302 24.758918582635992 -2.6118325879033004
F 30.14637663542634 24.720979214877485 -2.611832467811842
F 30.091613717990363 24.685115487646165 -2.6387959103549536
F 30.04627698173763 24.65862045384762 -2.6608832879670796
F 30.00392899203103 24.635468290665536 -2.67425790258064
F 29.963149795360014 24.614147329567853 -2.682977947288069
F 29.92319958333556 24.59387352832382 -2.689162094885966
F 29.871754209475935 24.56888242815056 -2.689397221990223
F 29.804367788372197 24.536148423235254 -2.6893974032691874
F 29.72764495961781 24.49887913066001 -2.6893976308009147
F 29.645449131547913 24.458951257206813 -2.689397688818846
F 29.560045042004617 24.417464912797737 -2.689397467398228
F 29.4923383352614 24.379006399088794 -2.722803224614866
F 29.439652879012677 24.351443860307064 -2.761598521449865
F 29.392400217211836 24.330147219813703 -2.7834198322194132
F 29.34896325032681 24.312592193601763 -2.794470615049593
F 29.294545613476444 24.292918005399677 -2.7948844851583634
F 29.223705612361965 24.26732333853387 -2.794884594126465
F 29.162840226267146 24.24086530452677 -2.823238022957879
F 29.112160049727105 24.22047358857619 -2.852202793630935
F 29.06549096083227 24.20421729036049 -2.8696829540762567
F 29.021454223676436 24.19055356203219 -2.879627192233098
F 28.979141607489723 24.17849705711526 -2.8846583646854023
F 28.937962013797645 24.167411100288227 -2.8865050382416277
F 28.89736881754381 24.15679955285153 -2.886702565038492
F 28.856837426648823 24.146238980337206 -2.886708763899854
F 28.816305957201383 24.13567861907203 -2.886715026528012
F 28.77577445374843 24.125118492811875 -2.886721242006446
F 28.735242982101973 24.11455862866892 -2.886727301883887
F 28.694711613803626 24.1039990554008 -2.8867331028214696
F 28.65418036593362 24.093439776896684 -2.886738585021656
F 28.6136491622416 24.082880760422476 -2.8867438025661616
F 28.573117824090815 24.07232192016361 -2.8867489979336907
F 28.532586215506118 24.061763218682884 -2.886754280676388
F 28.492054344846043 24.051204692765165 -2.8867597528874454
F 28.438743109556206 24.037316480799685 -2.8867441254559525
F 28.367448323880982 24.018743246187903 -2.8867440537740956
F 28.285611769901426 23.99742373909161 -2.8867439981254615
F 28.2173468495237 23.974329195375418 -2.9181310515150822
F 28.163184011745457 23.956623243691418 -2.954809667478653
F 28.113801273168747 23.943735430627985 -2.977775946455235
F 28.06754367863849 23.933874636261994 -2.991685008491215
F 28.010182721042217 23.92520210070698 -2.992227975316448
F 27.935635041065783 23.913983762100397 -2.992227891121564
F 27.851015938779124 23.901249807776217 -2.9922277857501665
F 27.760492960580947 23.887627394288153 -2.992227735967916
F 27.68599839443955 23.871031623104383 -3.0236203429155823
F 27.629521972735375 23.85732906828122 -3.0668078379630486
F 27.578365692943926 23.848804589580617 -3.09463204819398
F 27.53067636245812 23.843513522548008 -3.112238471110549
F 27.472083296679966 23.841750088970834 -3.1131123391929925
F 27.396371671422916 23.83959321256038 -3.113112228277592
F 27.31062630682421 23.837150480441434 -3.1131120221119732
F 27.218999186950704 23.834540165262947 -3.113111849533278
F 27.123924162426707 23.83183161067402 -3.113111869737137
F 27.02682794468288 23.829065484473148 -3.1131120882721506
F 26.947098219832423 23.821730299812682 3.141031908912236
F 26.88918002181297 23.813659196374886 3.0930014725815025
F 26.837119942453235 23.811024160061933 3.062505950027579
F 26.789016518841876 23.81164330936308 3.0437620523210347
F 26.74356688175201 23.81421290176471 3.0327012552892407
F 26.686723769781096 23.820405643649572 3.032386815497575
F 26.61226953990684 23.828568960301872 3.032386978829682
F 26.5274909608328 23.837864247087794 3.032386988558399
F 26.454669820321328 23.84141959805026 3.0066662700802613
F 26.399834171171232 23.84255564189961 2.968442203766755
F 26.350471687701635 23.847340922997176 2.9453873433696556
F 26.30469047165099 23.854201659716882 2.93207749200244
F 26.26121436468706 23.86224835592737 2.924981986433028
F 26.206188816118143 23.87434568388665 2.924876451589679
F 26.133520870449317 23.890345278181318 2.9248766534850628
F 26.050510855806117 23.90862191335944 2.9248769380308324
F 25.961438325705842 23.928233336765174 2.924877092858151
F 25.868811953442194 23.94862721390647 2.924876944775973
F 25.774102325056923 23.96947978170536 2.924876584612719
F 25.678171453444055 23.99060126050402 2.9248763235196846
F 25.58152468072781 24.01188037759223 2.9248764055946337
F 25.484458306169046 24.033251871071002 2.924876766074478
F 25.387145978453823 24.054677491089627 2.924877079869471
F 25.289689451105556 24.07613484083465 2.924877059749683
F 25.192148396803994 24.09761080652931 2.9248767239650237
F 25.094557764608012 24.119097713285203 2.924876382099391
F 25.013354218210576 24.133049058483653 2.901283325713692
F 24.955321981979246 24.140198568492092 2.8579144575437487
F 24.905176267364038 24.150289099142523 2.8304965198586682
F 24.859622452848495 24.16232027118312 2.8148751372838974
F 24.804600540943508 24.18091543284892 2.814260870407566
F 24.733163320465646 24.205171687736687 2.8142609271528185
F 24.65210397281342 24.23269510283412 2.8142607945751656
F 24.581517240177092 24.25241751388624 2.7890956485267795
F 24.528730356723663 24.2659466662176 2.753347635675114
F 24.48233568612978 24.281435766133708 2.732612590838649
F 24.43996755629244 24.298434723740417 2.7218947967034723
F 24.400019862526594 24.31684922060425 2.7172643426327574
F 24.360608616207113 24.335156987586842 2.713877868462104
F 24.321422278858336 24.35345103512302 2.710947232161525
F 24.270361668573347 24.376930524803104 2.7108645590882334
F 24.218212923614708 24.39737628252355 2.6907872937047626
F 24.174138605425345 24.41615552263844 2.673518102620166
F 24.133857240206865 24.43711440412774 2.665640790282336
F 24.094662874487398 24.458027192716358 2.6603016225641816
F 24.05590399009326 24.47885025714309 2.6558588261623233
F 24.017372651561963 24.499716815335617 2.651795492914641
F 23.96741364037917 24.52639357497254 2.6516404270780862
F 23.901602445498913 24.561492441895545 2.651640437162501
F 23.84135841985082 24.589191543150065 2.626380723031371
F 23.79447538363743 24.61120379788074 2.5982229115913285
F 23.75353417450202 24.636210938967817 2.5844113798871846
F 23.71472620584497 24.66131082629499 2.5755633299115286
F 23.66576688515837 24.692556666555056 2.575050510763244
F 23.60211270209244 24.73304716996855 2.57505044606966
F 23.529883802677332 24.77899208523939 2.57505032568908
F 23.466457850575022 24.81405159497788 2.5466788742612136
F 23.41902429761843 24.841409053145586 2.513439480441292
F 23.37890276666491 24.87140540718856 2.496403278453126
F 23.341201180774775 24.900572397816546 2.484793106589389
F 23.294600430883705 24.936695438666398 2.4840215079970327
F 23.234483597174734 24.983118859060568 2.4840215319502787
F 23.179783123384382 25.02106531272275 2.4572158974355207
F 23.138059050363328 25.055202844260947 2.4316346014740544
F 23.100385930362695 25.088197570936284 2.4152633176064047
F 23.064744280271672 25.120207245407503 2.4032259421957045
F 23.02110312469027 25.16011065994201 2.4024300623563937
F 22.964899636851214 25.211343243121906 2.402430195877237
F 22.913991283735033 25.25382919998676 2.375611274591705
F 22.874786525948906 25.291734726779925 2.3502399944651624
F 22.83961582358196 25.32761279910515 2.3329212976134777
F 22.806625345442445 25.36241691434554 2.320102475018694
F 22.766388833734542 25.405862787030223 2.319251352393757
F 22.71460358012143 25.461622865078308 2.3192512058486416
F 22.66764700554225 25.508013236006384 2.293036714530078
F 22.631153998888962 25.548439477132423 2.2675690588636006
F 22.59872401040366 25.586691883914 2.2501969215764563
F 22.568482223792888 25.623742436161187 2.23753154412812
F 22.532001566888404 25.670267958563826 2.2367044738826123
F 22.485020839287213 25.730069120741653 2.236704680277254
F 22.43191726189528 25.797663955281035 2.236704777266833
F 22.375224473053684 25.869827436910615 2.236704635201122
F 22.316427689520886 25.944669081726712 2.236704336568126
F 22.265519701879253 26.0022402236342 2.205503982413429
F 22.22973985170411 26.047737404692384 2.172157270801668
F 22.19974171781103 26.090002615595875 2.1511647448680056
F 22.172684294099625 26.130416792508203 2.13743869218763
F 22.14085029464573 26.18064375988559 2.1364768496370763
F 22.09997646913272 26.245022985987543 2.1364770000277113
F 22.053836953912054 26.31769606928302 2.1364769977403966
F 22.004610732958064 26.395230965168324 2.1364767999627756
F 21.960490587908282 26.45612302561848 2.1050860906384727
F 21.930228379187007 26.503958864010954 2.074452640097727
F 21.904914609735783 26.547604581933218 2.0566453610177664
F 21.87676305670475 26.601152511805505 2.0551537322670588
F 21.840960374193752 26.66919737943246 2.0551539229719413
F 21.80070458555108 26.745705611191074 2.055154094685571
F 21.757838458338046 26.827174993598195 2.0551541090717036
F 21.718364426250204 26.89187606293239 2.022599301232837
F 21.690600101099868 26.9424005578914 1.9883068069337462
F 21.668892244536963 26.987423775909754 1.970870441814594
F 21.650048951863084 27.029619133607227 1.9614613216065981
F 21.627994478014497 27.083217889534787 1.9610182582719793
F 21.59932204726305 27.152927051666406 1.9610183829444274
F 21.56677347066737 27.232059926041448 1.9610185326786478
F 21.531952724131973 27.316716985092025 1.9610185891263003
F 21.495800128838386 27.404612227599017 1.9610184858779178
F 21.458866894049812 27.494405554636828 1.9610183007361397
F 21.423809667347 27.565602151122377 1.9267979838865716
F 21.398112383557233 27.620631930524652 1.8838583822563122
F 21.378689436426846 27.67026818608806 1.8578171362046243
F 21.361449194850138 27.728909789894438 1.8557736182833295
F 21.33974248712662 27.80300630422673 1.855773736119374
F 21.315384545065065 27.886152898998535 1.8557737529836167
F 21.289472525350433 27.9746045797312 1.855773625459458
F 21.26264959432101 28.066165958905856 1.8557734524949625
F 21.2353360431681 28.139810947691867 1.8224712479980214
F 21.21465058738228 28.19607218431634 1.7789636176805215
F 21.199830643635842 28.24686132974265 1.751824362638718
F 21.188790944338507 28.30694448721739 1.7496635340297
F 21.175058005423452 28.382900975846148 1.749663645539791
F 21.15964557126391 28.468146631935365 1.7496636386156608
F 21.143248668829564 28.55883756186536 1.7496634759642389
F 21.126274746132246 28.652720396816587 1.7496632800167644
F 21.108962603367196 28.748474205633975 1.7496632329405892
F 21.09145214807704 28.845324744884454 1.7496633935600772
F 21.07382535400201 28.942818294934323 1.749663626472364
F 21.05613031671959 29.040688925577673 1.749663721777539
F 21.038395320001456 29.138780629961506 1.7496635915827266
F 21.020636990187292 29.237001830521525 1.7496633549975373
F 21.002865035415436 29.335298811899197 1.7496632302459978
F 20.985085063825476 29.433640147418192 1.7496633336597467
F 20.967300304632058 29.532007554435353 1.7496635718880176
F 20.949512671430988 29.630390402522128 1.749663727396742
F 20.931723373266095 29.728782375965405 1.7496636585823004
F 20.91393318637083 29.827179629340375 1.7496634300833807
F 20.89614254984796 29.925579847427322 1.7496632534382994
F 20.87835164383711 30.023981707650073 1.749663292658993
F 20.86056050169394 30.122384559080093 1.7496635133817615
F 20.842769138604304 30.220788140987338 1.749663714428559
F 20.824977638634227 30.319192263342753 1.7496637128272583
F 20.807186133854607 30.417596668837454 1.7496635120210724
F 20.789394710669534 30.516001116992033 1.7496632986796297
F 20.771603353870923 30.614405475051143 1.7496632711406181
F 20.753811973700184 30.71280976678772 1.7496634570598009
F 20.736020489387084 30.811214145951446 1.7496636879474445
F 20.718228910217725 30.909618717300443 1.7496637541308753
F 20.700437332448125 31.008023409085254 1.7496635975391395
F 20.682645846560348 31.106428063245968 1.7496633650505526
F 20.664854456319254 31.204832568659693 1.7496632735041837
F 20.647063080137663 31.303236935481902 1.749663410375116
F 20.629271621261978 31.401641312976025 1.7496636533083751
F 20.611480056741655 31.50004585280067 1.7496637826475678
F 20.593688463797 31.598450539329853 1.749663683430434
F 20.575896944665843 31.696855227207536 1.749663451043972
F 20.558105530935627 31.795259785051496 1.7496633035529463
F 20.540314160141456 31.89366418403778 1.749663381277111
F 20.52252273023545 31.99206854064201 1.7496636177534983
F 20.50473119025472 32.09047302794818 1.7496638008540157
F 20.48693959273556 32.1888776849219 1.749663767883007
F 20.469148043882804 32.28728238860568 1.749663555139159
F 20.451356601588568 32.38568699217144 1.749663364544245
F 20.43356522732737 32.48409143097861 1.7496633780789044
F 20.415773821658675 32.58249578081686 1.7496635904726106
F 20.3979823104579 32.680900217926045 1.7496638140410823
F 20.380190717256603 32.7793048334395 1.749663851320549
F 20.362399143222945 32.87770953970118 1.749663676630492
F 20.344607668522414 32.976114182835445 1.7496634596702014
F 20.326816281634926 33.074518667460794 1.7496634095817525
F 20.309024893060137 33.172923026020996 1.7496635827094038
F 20.291233411996725 33.27132742061775 1.7496638307826666
F 20.273441831328768 33.36973198587665 1.74966393731098
F 20.255650238407224 33.46813668049642 1.749663816682154
F 20.23785872957145 33.566541354201206 1.7496635928620703
F 20.22006732155184 33.664945886508676 1.7496634854960715
F 20.202275941267754 33.763350267605915 1.7496636080559103
F 20.184484488751956 33.86175463102939 1.7496638635153876
F 20.16669292739612 33.96015914075135 1.749664033621619
F 20.148901323123617 34.058563808741546 1.7496639796560445
F 20.131109780662534 34.15696850093788 1.7496637699848585
F 20.113318344193768 34.255373078238904 1.7496636172678937
F 20.095526962368986 34.35377749217118 1.749663683067881
F 20.07773553393788 34.45218183758342 1.7496639293506966
F 20.05994399651687 34.55058629013781 1.7496641535139343
F 20.042152388984416 34.64899091608001 1.7496641747953674
F 20.02436081561301 34.74739561107531 1.7496640005263502
F 20.006569345040344 34.845800225421236 1.7496638194553265
F 19.98877795151227 34.94420467701323 1.7496638283739678
F 19.970986540178252 35.042609016651554 1.7496640512892223
F 19.953195028671452 35.14101341301428 1.7496643174228843
F 19.935403425798164 35.239417980805165 1.7496644183917622
F 19.917611826309482 35.337822657973284 1.7496642999238423
F 19.899820318122856 35.43622729441508 1.7496641118419194
F 19.8820289032105 35.53463178030431 1.7496640705068074
F 19.864237500139176 35.633036121358934 1.7496642600767933
F 19.84644601379192 35.73144046203235 1.7496645552447565
F 19.828654422758248 35.82984495303999 1.7496647366441194
F 19.81086280393597 35.92824958387377 1.7496646927472492
F 19.793071257405472 36.02665421653364 1.7496645225455683
F 19.775279812997987 36.12505872036436 1.7496644447628005
F 19.757488408673247 36.22346305831727 1.7496645970351994
F 19.73969705227607 36.32186733101522 1.7496644235824417
F 19.721905731958362 36.42027171647804 1.7496637985929888
F 19.704114242241047 36.51867625682944 1.7496637726366613
F 19.686322595525944 36.61708083724511 1.7496642669390143
F 19.668531136265344 36.715485362766714 1.749664204863194
F 19.650739803638427 36.813889719502356 1.749664049960956
F 19.632948705204495 36.91229395809603 1.7496631918199834
F 19.615157601499202 37.01069825659561 1.7496624328697319
F 19.597366262965668 37.10910275805655 1.749662107316475
F 19.579574713225398 37.207507311251476 1.7496628108222703
F 19.56178331909785 37.30591186172153 1.749662871944554
F 19.543992049958053 37.40431627246239 1.7496628729231365
F 19.52620103261262 37.50272054182698 1.7496620500561637
F 19.50841015840878 37.60112478642656 1.749661119098348
F 19.49704534118716 37.66645522449217 1.7518770823740801
F 19.496123649768702 37.675532615355294 1.7555037537100393
F 19.496123634218506 37.6755327209581 1.7555036526521295
F 19.496123634338442 37.67553272493128 1.7555036365366115
F 19.49612363414653 37.67553272952535 1.75550363396325
F 19.49612363391183 37.67553273419073 1.7555036333393248
F 19.496123633671697 37.67553273885205 1.7555036329968243
F 19.49612363343151 37.67553274349852 1.7555036326961047
F 19.496123633192035 37.67553274812866 1.755503632402782
F 19.49612363295337 37.67553275274229 1.755503632111919
F 19.49612363271553 37.675532757339454 1.7555036318227137
F 19.496123632478522 37.67553276192019 1.7555036315351218
F 19.49612363224233 37.675532766484565 1.7555036312491052
F 19.496123632006977 37.675532771032636 1.75550363096467
F 19.496123631772434 37.67553277556446 1.7555036306818042
F 19.496123631538712 37.67553278008009 1.7555036304004907
F 19.496123631305807 37.6755327845796 1.7555036301207263
F 19.496123631073708 37.675532789063034 1.7555036298424984
F 19.496123630842426 37.67553279353045 1.7555036295658022
F 19.49612363061194 37.675532797981916 1.7555036292906403
F 19.496123630382264 37.675532802417464 1.755503629016993
F 19.49612363015339 37.675532806837175 1.7555036287448549
